100 0.20234375 0.1890625 0.0875 0.33046875
100 0.2890625 0.1890625 0.0828125 0.328125
101 0.3703125 0.2015625 0.08203125 0.334375
34 0.446875 0.203125 0.08203125 0.33359375
102 0.5296875 0.20234375 0.0875 0.33046875
109 0.60546875 0.21796875 0.0828125 0.3296875
109 0.68359375 0.22109375 0.06640625 0.31328125
41 0.19375 0.6890625 0.08515625 0.35390625
41 0.278125 0.69453125 0.09140625 0.340625
39 0.353125 0.696875 0.0859375 0.3359375
39 0.43125 0.70390625 0.08203125 0.334375
82 0.51171875 0.68671875 0.08515625 0.36640625
79 0.5859375 0.76484375 0.06640625 0.2578125
79 0.66015625 0.76484375 0.07109375 0.24765625
79 0.7453125 0.77421875 0.06328125 0.25