112 0.18359375 0.4078125 0.15 0.3359375
97 0.32890625 0.43359375 0.1125 0.31953125
97 0.409375 0.421875 0.08984375 0.35078125
9 0.54609375 0.49140625 0.13515625 0.23359375
3 0.765625 0.51875 0.07109375 0.23984375
74 0.15234375 0.86328125 0.10078125 0.2359375
56 0.23125 0.88671875 0.0765625 0.2125
67 0.4015625 0.89296875 0.0828125 0.203125
52 0.48828125 0.871875 0.09375 0.25390625
32 0.578125 0.8953125 0.08828125 0.20703125
98 0.6734375 0.896875 0.078125 0.203125
89 0.76171875 0.88671875 0.0828125 0.2234375