3 0.91953125 0.1734375 0.0921875 0.090625
73 0.8078125 0.171875 0.10234375 0.1
97 0.44140625 0.1546875 0.10078125 0.15625
112 0.153125 0.1671875 0.20546875 0.13125
89 0.8921875 0.31875 0.05625 0.09296875
98 0.80625 0.33125 0.0890625 0.09375
32 0.68359375 0.33125 0.10625 0.090625
52 0.58046875 0.325 0.084375 0.10546875
67 0.4640625 0.33515625 0.09921875 0.103125
18 0.3484375 0.3296875 0.1125 0.125
56 0.24609375 0.34296875 0.0921875 0.09609375
74 0.12890625 0.34296875 0.09921875 0.09921875
109 0.78125 0.45859375 0.07421875 0.13515625
109 0.68125 0.46015625 0.090625 0.1375
102 0.5828125 0.4640625 0.0921875 0.14296875
34 0.48125 0.46640625 0.09296875 0.13671875
101 0.37578125 0.471875 0.09765625 0.1421875
100 0.26953125 0.47578125 0.10078125 0.14140625
100 0.16484375 0.4765625 0.1125 0.1390625
79 0.8609375 0.62265625 0.07109375 0.08828125
79 0.76875 0.6265625 0.0640625 0.0859375
79 0.67890625 0.63125 0.0640625 0.08828125
82 0.5875 0.615625 0.0828125 0.13046875
39 0.4875 0.61953125 0.07890625 0.1296875
39 0.39375 0.62421875 0.090625 0.13671875
41 0.2953125 0.628125 0.090625 0.13359375
41 0.196875 0.6328125 0.10390625 0.13359375
35 0.76171875 0.74375 0.07265625 0.1140625
75 0.67421875 0.7453125 0.084375 0.1078125
63 0.58515625 0.75 0.07890625 0.109375
27 0.49609375 0.75703125 0.08125 0.11640625
27 0.40546875 0.75859375 0.0859375 0.1078125
25 0.315625 0.76640625 0.084375 0.115625
25 0.2265625 0.76796875 0.09296875 0.1109375
43 0.87890625 0.4640625 0.090625 0.115625
84 0.83828125 0.73984375 0.0890625 0.10234375
10 0.65 0.1796875 0.159375 0.09296875