74 0.178125 0.084375 0.065625 0.16875
56 0.2578125 0.0828125 0.05859375 0.165625
67 0.4203125 0.09140625 0.071875 0.18046875
52 0.5078125 0.08984375 0.07890625 0.17890625
32 0.5953125 0.09375 0.084375 0.1875
98 0.68515625 0.0953125 0.0796875 0.190625
89 0.7671875 0.09609375 0.07265625 0.1921875
100 0.2109375 0.40078125 0.0828125 0.34453125
100 0.2890625 0.39921875 0.0796875 0.3359375
101 0.36171875 0.4 0.07421875 0.33984375
34 0.43359375 0.403125 0.07421875 0.3375
102 0.51484375 0.4140625 0.07734375 0.3484375
109 0.58984375 0.415625 0.071875 0.34609375
109 0.66875 0.42265625 0.075 0.35078125
41 0.215625 0.80859375 0.071875 0.33203125
41 0.29296875 0.8078125 0.075 0.31796875
39 0.3625 0.80625 0.0734375 0.30703125
39 0.43203125 0.8203125 0.07421875 0.32734375
82 0.50546875 0.81875 0.07421875 0.31171875
79 0.57265625 0.87890625 0.0609375 0.2125
79 0.6421875 0.88671875 0.0625 0.221875
79 0.70859375 0.8859375 0.05078125 0.22578125