100 0.15234375 0.4546875 0.10703125 0.42421875
100 0.24296875 0.46328125 0.0953125 0.42421875
101 0.33203125 0.47109375 0.10234375 0.4265625
34 0.421875 0.475 0.08984375 0.43828125
102 0.5171875 0.4703125 0.10625 0.415625
109 0.60625 0.48125 0.103125 0.42421875
109 0.6953125 0.48828125 0.09296875 0.41953125
41 0.1734375 0.859375 0.08125 0.27890625
82 0.5 0.86640625 0.0828125 0.25234375
52 0.51875 0.10078125 0.096875 0.2015625
32 0.6234375 0.10625 0.10078125 0.2125
98 0.7328125 0.109375 0.0953125 0.21875
89 0.8296875 0.11171875 0.08984375 0.2234375
74 0.1140625 0.08359375 0.084375 0.1671875
56 0.215625 0.09296875 0.07421875 0.1859375
67 0.4171875 0.096875 0.090625 0.19296875
79 0.578125 0.91953125 0.06015625 0.1578125
79 0.64765625 0.92265625 0.0671875 0.153125
79 0.70859375 0.8546875 0.05546875 0.17890625
79 0.73671875 0.92578125 0.05859375 0.14609375