3 0.93046875 0.1703125 0.12578125 0.10546875
73 0.79296875 0.17109375 0.1359375 0.11796875
97 0.371875 0.1515625 0.11953125 0.15859375
112 0.08671875 0.16875 0.171875 0.13046875
89 0.91484375 0.34609375 0.09609375 0.10390625
98 0.7875 0.3578125 0.12578125 0.1078125
32 0.65390625 0.3546875 0.1296875 0.10234375
52 0.5359375 0.34609375 0.115625 0.115625
67 0.4046875 0.35234375 0.1171875 0.10234375
18 0.28359375 0.34609375 0.10625 0.12734375
56 0.1625 0.35703125 0.10546875 0.09921875
74 0.05078125 0.35546875 0.09765625 0.1015625
109 0.775 0.50546875 0.12109375 0.15859375
109 0.659375 0.503125 0.11953125 0.1546875
102 0.5421875 0.50703125 0.13828125 0.15546875
34 0.4265625 0.50078125 0.12421875 0.15234375
101 0.31484375 0.50078125 0.12421875 0.15
100 0.20625 0.49921875 0.1328125 0.14765625
100 0.09609375 0.5 0.1421875 0.146875
79 0.8796875 0.7015625 0.0875 0.09921875
79 0.76953125 0.7015625 0.0890625 0.09921875
79 0.659375 0.7 0.09921875 0.10078125
82 0.55859375 0.67421875 0.1140625 0.140625
39 0.44765625 0.67421875 0.12265625 0.1484375
39 0.33828125 0.67578125 0.12734375 0.14609375
41 0.23046875 0.671875 0.1296875 0.14609375
41 0.13203125 0.67109375 0.13515625 0.14140625
35 0.76875 0.84140625 0.1171875 0.1328125
75 0.65859375 0.8359375 0.10390625 0.1203125
63 0.55703125 0.83203125 0.1109375 0.11796875
27 0.45625 0.8328125 0.09609375 0.12578125
27 0.35546875 0.82734375 0.10625 0.1171875
25 0.25859375 0.828125 0.1140625 0.12109375
25 0.1671875 0.81875 0.11875 0.1265625
10 0.5984375 0.17734375 0.17734375 0.1046875
43 0.89140625 0.5171875 0.1109375 0.1265625
84 0.86328125 0.84296875 0.1125 0.12734375