74 0.16171875 0.1 0.08203125 0.19921875
56 0.25390625 0.1 0.07421875 0.19921875
67 0.43984375 0.096875 0.0828125 0.19375
52 0.53125 0.0984375 0.0828125 0.196875
32 0.62734375 0.09765625 0.0859375 0.1953125
98 0.728125 0.09921875 0.0671875 0.1984375
89 0.81875 0.096875 0.06875 0.19375
100 0.1796875 0.5078125 0.103125 0.40390625
100 0.27109375 0.5078125 0.096875 0.41171875
101 0.3609375 0.50859375 0.10078125 0.4125
34 0.4453125 0.5125 0.0875 0.4140625
102 0.5375 0.50703125 0.08984375 0.40546875
109 0.628125 0.51484375 0.08046875 0.403125
109 0.71953125 0.51171875 0.0734375 0.40625