109 0.5984375 0.30546875 0.05078125 0.26796875
109 0.546875 0.2953125 0.04921875 0.25234375
102 0.4921875 0.3015625 0.05859375 0.27265625
34 0.43828125 0.29140625 0.05078125 0.26796875
101 0.38671875 0.29140625 0.05546875 0.26796875
100 0.33203125 0.27890625 0.05859375 0.25234375
100 0.28046875 0.2796875 0.05859375 0.2515625
89 0.6625 0.06484375 0.04609375 0.1296875
98 0.60859375 0.06484375 0.05078125 0.1296875
32 0.54921875 0.0640625 0.053125 0.12734375
52 0.48984375 0.0609375 0.04921875 0.12109375
67 0.43359375 0.0609375 0.0453125 0.121875
56 0.32421875 0.05703125 0.0421875 0.11328125
74 0.2671875 0.05703125 0.04375 0.11328125
41 0.27734375 0.59453125 0.04765625 0.2453125
41 0.33203125 0.58359375 0.05078125 0.2359375
39 0.38203125 0.58515625 0.05078125 0.23828125
39 0.43125 0.59375 0.05 0.23515625
82 0.4859375 0.5828125 0.05078125 0.24140625
79 0.53203125 0.6375 0.04609375 0.1515625
79 0.5796875 0.64296875 0.0421875 0.16171875
79 0.63125 0.64375 0.040625 0.159375
25 0.28515625 0.85625 0.05703125 0.225
25 0.3328125 0.8578125 0.053125 0.21875
27 0.3796875 0.86015625 0.05546875 0.2171875
63 0.47578125 0.865625 0.05390625 0.215625
75 0.52578125 0.87109375 0.05390625 0.2171875
35 0.5734375 0.87578125 0.05234375 0.21875
84 0.6171875 0.87421875 0.04296875 0.2234375