74 0.23984375 0.09375 0.0734375 0.1875
56 0.3296875 0.09296875 0.06015625 0.1859375
67 0.50703125 0.0875 0.0625 0.17421875
52 0.5953125 0.0875 0.06640625 0.17421875
32 0.68671875 0.08359375 0.0734375 0.16640625
98 0.76640625 0.08203125 0.05859375 0.1640625
89 0.83984375 0.07734375 0.0578125 0.1546875
100 0.25703125 0.44375 0.08203125 0.38984375
100 0.3421875 0.428125 0.07421875 0.37109375
101 0.42265625 0.42265625 0.07265625 0.36484375
34 0.5046875 0.4140625 0.06796875 0.36875
102 0.5890625 0.409375 0.0734375 0.37109375
109 0.6609375 0.4015625 0.0640625 0.35859375
109 0.73515625 0.403125 0.065625 0.36640625
41 0.26328125 0.85 0.071875 0.296875
41 0.340625 0.846875 0.06640625 0.303125
39 0.41875 0.8421875 0.065625 0.31328125
39 0.490625 0.83125 0.06640625 0.3296875
82 0.5625 0.82421875 0.06640625 0.321875
79 0.6296875 0.8765625 0.05234375 0.2421875
79 0.6953125 0.85234375 0.05 0.2296875
79 0.7625 0.840625 0.05859375 0.2234375