100 0.28203125 0.27265625 0.053125 0.275
100 0.33515625 0.26796875 0.05234375 0.27265625
101 0.38984375 0.2625 0.0515625 0.27265625
34 0.440625 0.2578125 0.05546875 0.27265625
102 0.5 0.2515625 0.053125 0.275
109 0.54609375 0.24140625 0.05 0.25390625
109 0.596875 0.2359375 0.05390625 0.25234375
41 0.28359375 0.59921875 0.05078125 0.26171875
41 0.33671875 0.57421875 0.05 0.2484375
39 0.38671875 0.565625 0.05078125 0.2546875
39 0.440625 0.565625 0.05234375 0.25
82 0.4921875 0.54296875 0.0421875 0.2546875
79 0.5390625 0.58671875 0.04140625 0.165625
79 0.58515625 0.571875 0.0421875 0.16171875
79 0.63046875 0.56796875 0.0484375 0.16640625
25 0.29609375 0.8734375 0.04296875 0.23359375
25 0.340625 0.86953125 0.04453125 0.2359375
27 0.390625 0.84375 0.04296875 0.22109375
63 0.48828125 0.82734375 0.04375 0.22578125
75 0.53125 0.81640625 0.040625 0.2109375
35 0.57421875 0.809375 0.046875 0.221875
84 0.6140625 0.79140625 0.04140625 0.2109375