112 0.1234375 0.175 0.196875 0.13203125
97 0.3015625 0.171875 0.115625 0.1328125
97 0.40703125 0.16796875 0.090625 0.1359375
3 0.8609375 0.18203125 0.0890625 0.08828125
74 0.10625 0.34453125 0.09765625 0.10078125
56 0.2140625 0.3453125 0.09453125 0.0890625
67 0.42109375 0.33671875 0.09453125 0.09375
52 0.53671875 0.328125 0.0875 0.10546875
32 0.63984375 0.33203125 0.10625 0.09609375
98 0.753125 0.33203125 0.10390625 0.09609375
89 0.86640625 0.32421875 0.10546875 0.10234375
109 0.74453125 0.46015625 0.0828125 0.1375
109 0.646875 0.46328125 0.0859375 0.13203125
102 0.5453125 0.465625 0.10234375 0.13125
34 0.446875 0.46796875 0.09453125 0.1328125
101 0.34609375 0.47265625 0.10546875 0.1359375
100 0.24453125 0.46953125 0.10078125 0.1328125
100 0.14140625 0.47109375 0.10625 0.13359375
79 0.82890625 0.62265625 0.0640625 0.08203125
79 0.7359375 0.625 0.07109375 0.08515625
79 0.6421875 0.6265625 0.0671875 0.08515625
82 0.55625 0.6078125 0.0828125 0.1265625
39 0.46171875 0.6125 0.0859375 0.125
39 0.3703125 0.61640625 0.0875 0.1265625
41 0.275 0.6171875 0.09453125 0.12890625
41 0.18125 0.61953125 0.090625 0.1296875
35 0.73359375 0.74609375 0.0703125 0.1171875
75 0.65390625 0.74140625 0.08125 0.109375
63 0.56484375 0.7453125 0.084375 0.109375
27 0.47421875 0.75234375 0.084375 0.1171875
27 0.384375 0.75 0.0921875 0.11015625
25 0.29453125 0.753125 0.08125 0.11015625
25 0.20625 0.75625 0.09453125 0.11015625
7 0.5703125 0.190625 0.14453125 0.084375
84 0.81875 0.740625 0.0953125 0.09921875