41 0.16484375 0.16953125 0.0734375 0.33828125
41 0.25390625 0.159375 0.0671875 0.31875
39 0.34140625 0.15625 0.06796875 0.31171875
39 0.4203125 0.16796875 0.07734375 0.3359375
82 0.50625 0.159375 0.096875 0.31875
79 0.584375 0.203125 0.078125 0.26484375
79 0.665625 0.21328125 0.0671875 0.26796875
79 0.74375 0.21640625 0.06875 0.2640625
25 0.2203125 0.51015625 0.06953125 0.2578125
25 0.2859375 0.503125 0.07109375 0.25625
27 0.35390625 0.515625 0.071875 0.2515625
63 0.49453125 0.51796875 0.07421875 0.2359375
75 0.56796875 0.525 0.07578125 0.2296875
35 0.6359375 0.53828125 0.0796875 0.26171875
84 0.70625 0.53046875 0.05859375 0.25