112 0.26484375 0.34765625 0.08828125 0.20859375
97 0.359375 0.35390625 0.0546875 0.20546875
97 0.40625 0.35625 0.046875 0.23203125
3 0.62265625 0.39609375 0.04375 0.1390625
74 0.246875 0.6296875 0.0453125 0.15625
56 0.29921875 0.6375 0.05 0.14140625
67 0.39921875 0.64140625 0.04296875 0.14375
52 0.46015625 0.6265625 0.05234375 0.16953125
32 0.51171875 0.63671875 0.05234375 0.1453125
98 0.56953125 0.64296875 0.04609375 0.1453125
89 0.61796875 0.64296875 0.046875 0.1515625
100 0.24921875 0.86171875 0.05859375 0.24609375
100 0.30625 0.8640625 0.05546875 0.24375
101 0.3578125 0.8640625 0.0546875 0.24375
34 0.40546875 0.86640625 0.05390625 0.2421875
102 0.46171875 0.86953125 0.05625 0.24140625
109 0.5109375 0.86953125 0.053125 0.23359375
109 0.559375 0.871875 0.046875 0.2359375
7 0.4859375 0.39609375 0.0734375 0.14609375