41 0.18828125 0.43828125 0.0609375 0.35078125
41 0.265625 0.43203125 0.0765625 0.34375
39 0.34296875 0.4359375 0.07109375 0.35078125
39 0.4109375 0.43046875 0.07421875 0.34375
82 0.48671875 0.43203125 0.071875 0.3359375
79 0.55546875 0.48515625 0.05703125 0.23359375
79 0.615625 0.4859375 0.0578125 0.22734375
79 0.69375 0.49140625 0.05390625 0.23515625
25 0.21953125 0.78359375 0.0625 0.26640625
25 0.2828125 0.784375 0.06796875 0.26484375
27 0.34921875 0.7875 0.05859375 0.26875
63 0.47578125 0.78671875 0.0671875 0.26484375
75 0.540625 0.7875 0.065625 0.2625
35 0.60390625 0.7875 0.059375 0.26640625
84 0.6640625 0.78984375 0.0453125 0.27109375