100 0.29140625 0.44921875 0.071875 0.27890625
100 0.34765625 0.44453125 0.05703125 0.27265625
101 0.40625 0.44609375 0.0578125 0.27890625
34 0.46171875 0.44609375 0.05234375 0.27421875
102 0.51796875 0.44296875 0.0609375 0.275
109 0.575 0.45 0.05703125 0.28125
109 0.63046875 0.43984375 0.05078125 0.26640625
41 0.296875 0.76875 0.05078125 0.26796875
41 0.353125 0.7671875 0.05078125 0.27890625
39 0.40625 0.75390625 0.053125 0.25234375
39 0.4609375 0.7546875 0.04921875 0.26171875
82 0.51640625 0.7546875 0.05078125 0.2890625
79 0.56640625 0.7953125 0.04375 0.1765625
79 0.6125 0.79453125 0.0484375 0.17890625
79 0.66875 0.7921875 0.0453125 0.17578125