112 0.3 0.37265625 0.0765625 0.23203125
97 0.38125 0.37421875 0.071875 0.2359375
97 0.42578125 0.36953125 0.06640625 0.2515625
9 0.51484375 0.4125 0.090625 0.1640625
3 0.64765625 0.41953125 0.03515625 0.1765625
74 0.28515625 0.66328125 0.0609375 0.153125
56 0.328125 0.6875 0.0578125 0.14296875
67 0.43359375 0.69296875 0.0640625 0.1640625
52 0.4875 0.6921875 0.07265625 0.1890625
32 0.5515625 0.70703125 0.07265625 0.18203125
98 0.61015625 0.72890625 0.06640625 0.17421875
100 0.29921875 0.8984375 0.0890625 0.20078125
100 0.34609375 0.903125 0.0859375 0.1921875