41 0.22734375 0.33828125 0.1140625 0.2828125
41 0.30859375 0.3421875 0.08515625 0.290625
39 0.36640625 0.35234375 0.0828125 0.2953125
39 0.4265625 0.36015625 0.0828125 0.303125
82 0.50390625 0.3375 0.1125 0.3421875
79 0.553125 0.42578125 0.0734375 0.2171875
79 0.63203125 0.43125 0.0859375 0.24375
25 0.2515625 0.734375 0.08984375 0.3140625
25 0.30859375 0.73515625 0.096875 0.3296875
27 0.36796875 0.746875 0.0953125 0.3421875
63 0.49609375 0.7921875 0.08984375 0.35703125
75 0.5640625 0.8140625 0.10234375 0.33984375
35 0.63046875 0.821875 0.10390625 0.34375