74 0.265625 0.103125 0.04921875 0.153125
56 0.31015625 0.109375 0.04453125 0.1375
67 0.40625 0.1203125 0.05 0.15390625
52 0.4671875 0.11328125 0.06015625 0.1859375
32 0.521875 0.1296875 0.05859375 0.17421875
98 0.584375 0.13671875 0.06015625 0.16640625
100 0.27578125 0.34453125 0.06875 0.23203125
100 0.33046875 0.35390625 0.06328125 0.2421875
101 0.37890625 0.3578125 0.06015625 0.24609375
34 0.42578125 0.37265625 0.065625 0.24765625
102 0.48125 0.3796875 0.06328125 0.2484375
109 0.534375 0.3875 0.0640625 0.2546875
109 0.5875 0.396875 0.0671875 0.25390625
41 0.28203125 0.64921875 0.059375 0.23984375
41 0.34140625 0.653125 0.05546875 0.23828125
39 0.3875 0.6578125 0.05546875 0.2296875
39 0.42734375 0.66953125 0.0625 0.21953125
82 0.48203125 0.67421875 0.06796875 0.23203125
79 0.51953125 0.7515625 0.05234375 0.15625
79 0.5703125 0.759375 0.0546875 0.165625
25 0.29765625 0.903125 0.06484375 0.18671875
25 0.34375 0.91171875 0.05625 0.17421875
27 0.390625 0.91875 0.05625 0.16015625