41 0.3 0.28984375 0.04453125 0.23359375
41 0.353125 0.27890625 0.0453125 0.23515625
39 0.4015625 0.28125 0.04296875 0.2359375
39 0.45 0.2875 0.04765625 0.221875
82 0.50390625 0.2734375 0.05234375 0.25859375
79 0.546875 0.3296875 0.03671875 0.15625
79 0.59609375 0.33125 0.040625 0.165625
79 0.64453125 0.33671875 0.03515625 0.165625
25 0.3109375 0.53984375 0.0484375 0.21875
25 0.35859375 0.5375 0.0421875 0.20703125
27 0.403125 0.54375 0.046875 0.2109375
63 0.49609375 0.54375 0.05 0.2109375
75 0.54140625 0.546875 0.0484375 0.19921875
35 0.58671875 0.55 0.04921875 0.20546875
84 0.6328125 0.55078125 0.03828125 0.20703125