74 0.07578125 0.3125 0.0796875 0.2234375
56 0.1484375 0.32421875 0.059375 0.2109375
67 0.2921875 0.3140625 0.06796875 0.196875
52 0.37890625 0.296875 0.06953125 0.23203125
32 0.45546875 0.3109375 0.07734375 0.2046875
98 0.5375 0.31484375 0.0640625 0.20078125
89 0.60546875 0.3 0.0625 0.21328125
100 0.090625 0.6390625 0.07890625 0.32578125
100 0.1671875 0.63671875 0.08203125 0.31796875
101 0.23984375 0.634375 0.078125 0.32734375
34 0.309375 0.62890625 0.07265625 0.328125
102 0.38359375 0.6328125 0.08125 0.34609375
109 0.45234375 0.62421875 0.07109375 0.334375
109 0.5234375 0.63203125 0.06640625 0.33203125