74 0.2765625 0.30078125 0.07109375 0.24140625
56 0.34140625 0.32109375 0.0640625 0.20078125
67 0.490625 0.3421875 0.07421875 0.225
52 0.57578125 0.3375 0.0890625 0.26640625
32 0.66484375 0.3640625 0.09296875 0.2359375
98 0.76484375 0.3765625 0.0828125 0.2453125
89 0.85 0.38046875 0.090625 0.2640625
100 0.29453125 0.63828125 0.096875 0.30390625
100 0.37265625 0.6578125 0.0859375 0.33828125
101 0.44453125 0.67109375 0.08515625 0.3421875
34 0.51796875 0.7 0.08671875 0.35234375
102 0.58671875 0.71328125 0.09453125 0.35859375
109 0.6703125 0.73671875 0.08984375 0.3671875
109 0.75078125 0.7546875 0.08984375 0.37109375