41 0.240625 0.19375 0.09765625 0.3625
41 0.32578125 0.21953125 0.09921875 0.31796875
39 0.41171875 0.2484375 0.10390625 0.328125
39 0.49375 0.28828125 0.1015625 0.3421875
82 0.58671875 0.32734375 0.11875 0.33359375
79 0.66328125 0.42421875 0.08828125 0.28515625
79 0.76171875 0.4578125 0.11796875 0.27421875
79 0.8578125 0.50703125 0.12109375 0.27421875
35 0.71484375 0.8109375 0.10390625 0.22578125
75 0.63984375 0.765625 0.09296875 0.21328125
27 0.42109375 0.646875 0.0890625 0.2359375
63 0.565625 0.72734375 0.0859375 0.2453125
25 0.3546875 0.6 0.06875 0.215625
25 0.29296875 0.56875 0.065625 0.23359375
84 0.8 0.85078125 0.09296875 0.21484375