74 0.11640625 0.13359375 0.08125 0.21328125
56 0.18203125 0.14765625 0.0671875 0.196875
67 0.3203125 0.1515625 0.0734375 0.221875
52 0.396875 0.13359375 0.084375 0.25234375
32 0.47890625 0.15625 0.08984375 0.2359375
98 0.5625 0.17109375 0.084375 0.22578125
89 0.63203125 0.16171875 0.06796875 0.24765625
109 0.56796875 0.52109375 0.07890625 0.334375
109 0.49609375 0.50859375 0.0890625 0.33046875
102 0.41875 0.50234375 0.08671875 0.35859375
34 0.35 0.48125 0.08125 0.340625
101 0.2875 0.471875 0.07734375 0.33359375
100 0.22265625 0.45703125 0.0734375 0.328125
100 0.159375 0.453125 0.07421875 0.3078125
41 0.1765625 0.80859375 0.07578125 0.27421875
41 0.2453125 0.83515625 0.07578125 0.28125
39 0.30546875 0.8484375 0.0734375 0.278125
39 0.3640625 0.8578125 0.06796875 0.27421875
82 0.42421875 0.8671875 0.07109375 0.2546875
79 0.48828125 0.92265625 0.05859375 0.14765625
79 0.55390625 0.92890625 0.05078125 0.13984375
79 0.5703125 0.88125 0.04296875 0.17421875
79 0.62421875 0.89609375 0.03671875 0.1640625