97 0.4015625 0.17421875 0.09375 0.15234375
112 0.10234375 0.1875 0.18046875 0.1328125
74 0.08203125 0.36796875 0.1109375 0.103125
56 0.1984375 0.36640625 0.09921875 0.09765625
18 0.31328125 0.34921875 0.115625 0.12421875
67 0.4328125 0.3546875 0.109375 0.1078125
52 0.55078125 0.3453125 0.07734375 0.1078125
73 0.7796875 0.1859375 0.0890625 0.10234375
3 0.89765625 0.18515625 0.10390625 0.0984375
32 0.6640625 0.3515625 0.09921875 0.09453125
98 0.7796875 0.34921875 0.103125 0.09375
89 0.86640625 0.340625 0.0671875 0.08984375
109 0.759375 0.47890625 0.0859375 0.1328125
109 0.66015625 0.484375 0.09765625 0.13828125
102 0.5546875 0.48828125 0.1046875 0.1390625
34 0.44296875 0.49375 0.103125 0.1421875
101 0.34140625 0.49921875 0.09921875 0.1453125
100 0.23125 0.503125 0.10390625 0.14296875
100 0.1171875 0.50390625 0.128125 0.14453125
79 0.84453125 0.646875 0.06953125 0.090625
79 0.75546875 0.65546875 0.08125 0.0875
79 0.66328125 0.65859375 0.07734375 0.0875
82 0.56953125 0.64296875 0.0859375 0.13359375
39 0.4578125 0.65078125 0.10234375 0.13671875
39 0.3671875 0.65625 0.0859375 0.13515625
41 0.26875 0.659375 0.084375 0.140625
41 0.159375 0.665625 0.07890625 0.14140625
25 0.19921875 0.8078125 0.09453125 0.11796875
25 0.2921875 0.803125 0.09375 0.11875
27 0.38515625 0.79296875 0.0875 0.1109375
27 0.48046875 0.7921875 0.09921875 0.1125
63 0.571875 0.78671875 0.090625 0.10859375
75 0.66328125 0.778125 0.090625 0.10625
35 0.75 0.77421875 0.090625 0.11328125
10 0.61640625 0.19765625 0.1640625 0.09375
43 0.865625 0.48671875 0.08125 0.1109375
84 0.83359375 0.76640625 0.09296875 0.11015625