112 0.2 0.425 0.12109375 0.26640625
97 0.33828125 0.44140625 0.07421875 0.296875
97 0.40859375 0.4328125 0.065625 0.31328125
3 0.725 0.4953125 0.06640625 0.21484375
74 0.184375 0.8421875 0.08203125 0.23203125
56 0.25546875 0.85546875 0.0640625 0.19296875
67 0.39921875 0.85625 0.06328125 0.21484375
52 0.48515625 0.83984375 0.0765625 0.25
32 0.5640625 0.85859375 0.075 0.2171875
98 0.64765625 0.86640625 0.06484375 0.209375
89 0.71875 0.85 0.06640625 0.23359375
7 0.5265625 0.4984375 0.10859375 0.209375