74 0.26328125 0.10234375 0.06328125 0.2046875
56 0.32578125 0.1 0.065625 0.19921875
67 0.45 0.11875 0.06953125 0.2171875
52 0.53203125 0.1203125 0.075 0.23828125
32 0.6171875 0.1390625 0.1 0.2296875
98 0.70546875 0.159375 0.0890625 0.2296875
100 0.2890625 0.40625 0.090625 0.28671875
100 0.35625 0.42109375 0.08984375 0.309375
101 0.421875 0.4359375 0.08203125 0.31328125
34 0.4859375 0.453125 0.09140625 0.32109375
102 0.553125 0.48828125 0.0953125 0.3625
109 0.62890625 0.50546875 0.09453125 0.346875
109 0.6984375 0.5328125 0.09765625 0.3609375
41 0.29375 0.77578125 0.0859375 0.27890625
41 0.36640625 0.79765625 0.0796875 0.27890625
39 0.425 0.82421875 0.08125 0.278125
39 0.48046875 0.8546875 0.08828125 0.28515625
82 0.54453125 0.87109375 0.0890625 0.2546875
79 0.6828125 0.9453125 0.071875 0.10703125