112 0.225 0.33359375 0.08671875 0.23984375
97 0.340625 0.34609375 0.05078125 0.2625
97 0.39296875 0.33125 0.04453125 0.27109375
9 0.4859375 0.37265625 0.08984375 0.17421875
3 0.6140625 0.3734375 0.046875 0.16796875
74 0.2125 0.7125 0.0453125 0.203125
56 0.2703125 0.7125 0.04609375 0.1859375
67 0.39375 0.6875 0.0453125 0.18046875
52 0.44921875 0.66171875 0.046875 0.20703125
32 0.51328125 0.66953125 0.05390625 0.16953125
98 0.56640625 0.65546875 0.03828125 0.18671875
89 0.6140625 0.63515625 0.040625 0.18203125
109 0.5546875 0.8890625 0.07265625 0.21953125
109 0.50390625 0.890625 0.06328125 0.20859375
102 0.45234375 0.89765625 0.06328125 0.20234375