112 0.3109375 0.284375 0.103125 0.23359375
97 0.4015625 0.290625 0.06484375 0.2125
97 0.45 0.2796875 0.05078125 0.22890625
9 0.53203125 0.32109375 0.0796875 0.15
3 0.6625 0.33125 0.05 0.16015625
74 0.290625 0.56328125 0.05078125 0.15625
56 0.33671875 0.56875 0.05078125 0.15546875
67 0.44453125 0.5703125 0.053125 0.1578125
52 0.4984375 0.5609375 0.05234375 0.1765625
98 0.60859375 0.5765625 0.05078125 0.1453125
89 0.6625 0.57109375 0.0453125 0.1640625
100 0.29375 0.796875 0.05859375 0.25
100 0.3421875 0.80234375 0.06796875 0.24375
34 0.44609375 0.803125 0.05546875 0.26484375
109 0.55234375 0.80546875 0.0546875 0.2546875
109 0.6015625 0.80859375 0.05078125 0.2515625
32 0.55625 0.578125 0.0578125 0.171875
101 0.39609375 0.79765625 0.06015625 0.2546875