100 0.296875 0.09140625 0.0671875 0.1828125
101 0.4015625 0.0953125 0.078125 0.190625
34 0.45234375 0.10078125 0.0796875 0.2015625
102 0.5078125 0.10234375 0.07890625 0.2046875
109 0.56484375 0.10390625 0.0765625 0.2078125
109 0.62109375 0.10625 0.07421875 0.2125
41 0.309375 0.35859375 0.0671875 0.2375
41 0.3609375 0.3625 0.06953125 0.23203125
39 0.409375 0.36640625 0.07421875 0.23203125
39 0.45703125 0.37578125 0.0703125 0.2359375
82 0.51484375 0.37578125 0.075 0.26640625
79 0.5578125 0.4359375 0.06640625 0.1703125
79 0.603125 0.4359375 0.0484375 0.171875
79 0.66015625 0.44375 0.05390625 0.165625
25 0.3265625 0.61796875 0.06328125 0.20078125
25 0.37109375 0.63359375 0.06328125 0.21328125
27 0.41953125 0.640625 0.071875 0.215625
63 0.5109375 0.65703125 0.06953125 0.22109375
75 0.559375 0.66953125 0.06640625 0.22109375
35 0.6078125 0.68203125 0.06640625 0.221875
84 0.65625 0.68671875 0.04609375 0.23203125