112 0.2453125 0.25 0.134375 0.2390625
111 0.38046875 0.24296875 0.1359375 0.234375
56 0.63671875 0.28359375 0.06484375 0.17890625
56 0.73671875 0.275 0.0703125 0.17421875
49 0.390625 0.50859375 0.12734375 0.21328125
6 0.52421875 0.5140625 0.1078125 0.16328125
61 0.6734375 0.5015625 0.1203125 0.20078125
67 0.828125 0.5015625 0.109375 0.203125
52 0.27578125 0.71953125 0.04921875 0.1921875
56 0.425 0.73046875 0.0484375 0.16640625
58 0.49765625 0.72265625 0.06484375 0.19375
60 0.5625 0.728125 0.06484375 0.19765625
18 0.2453125 0.91640625 0.05078125 0.1546875
69 0.30546875 0.91875 0.04609375 0.1625
89 0.38203125 0.9203125 0.03828125 0.159375
99 0.425 0.921875 0.04765625 0.1546875
22 0.76015625 0.92265625 0.0671875 0.15390625
73 0.2296875 0.7234375 0.0484375 0.17734375
20 0.5578125 0.90859375 0.053125 0.1265625
20 0.61796875 0.91328125 0.04609375 0.115625
22 0.69140625 0.92734375 0.06328125 0.14453125
1 0.4984375 0.175 0.05859375 0.0984375
87 0.578125 0.1796875 0.053125 0.10859375
94 0.48828125 0.33359375 0.05703125 0.08984375
92 0.56953125 0.33203125 0.0734375 0.0765625
36 0.2515625 0.49609375 0.11875 0.178125
37 0.35546875 0.72578125 0.0640625 0.18671875
50 0.83671875 0.2515625 0.10859375 0.23828125