18 0.18046875 0.14140625 0.08515625 0.24609375
69 0.26015625 0.15078125 0.07109375 0.234375
89 0.34375 0.15390625 0.05859375 0.240625
99 0.39609375 0.15 0.05546875 0.2515625
15 0.48203125 0.16328125 0.084375 0.22890625
20 0.5546875 0.17421875 0.0578125 0.20546875
20 0.6203125 0.175 0.059375 0.196875
22 0.7 0.1671875 0.08359375 0.2359375
22 0.78046875 0.171875 0.08984375 0.234375
28 0.87265625 0.178125 0.0734375 0.23046875
24 0.54765625 0.4375 0.07421875 0.22890625
35 0.40625 0.734375 0.078125 0.29609375
25 0.203125 0.43125 0.0703125 0.2
25 0.26875 0.42890625 0.06953125 0.209375
25 0.34140625 0.440625 0.0703125 0.20546875
41 0.48046875 0.73671875 0.06328125 0.3
39 0.54296875 0.7375 0.071875 0.290625
78 0.60390625 0.73125 0.0640625 0.290625
106 0.67421875 0.7484375 0.07109375 0.30703125
100 0.7453125 0.75234375 0.0859375 0.309375
101 0.8171875 0.753125 0.0671875 0.30859375
25 0.19140625 0.71328125 0.06875 0.28671875
25 0.26484375 0.71875 0.0953125 0.2765625
27 0.33359375 0.7234375 0.075 0.28359375
40 0.62421875 0.4390625 0.06328125 0.21015625
96 0.69140625 0.45703125 0.053125 0.18671875
21 0.76484375 0.453125 0.06875 0.21171875
0 0.8453125 0.4484375 0.0703125 0.2203125
80 0.409375 0.44609375 0.0625 0.2015625