100 0.2828125 0.1484375 0.07890625 0.29296875
100 0.35234375 0.1484375 0.0828125 0.29296875
101 0.42265625 0.15625 0.08515625 0.2875
34 0.4859375 0.15234375 0.0703125 0.28203125
109 0.63125 0.1515625 0.06875 0.29140625
109 0.70234375 0.15078125 0.06953125 0.290625
44 0.7703125 0.1703125 0.06953125 0.240625
41 0.290625 0.49765625 0.07578125 0.26640625
41 0.36015625 0.4953125 0.07109375 0.265625
39 0.42734375 0.49375 0.078125 0.25859375
39 0.49140625 0.4921875 0.071875 0.2609375
82 0.559375 0.4890625 0.07734375 0.2859375
79 0.62421875 0.54296875 0.06328125 0.184375
79 0.68828125 0.54296875 0.05390625 0.18203125
79 0.7578125 0.54140625 0.0640625 0.18203125
75 0.62734375 0.8140625 0.06875 0.2890625
35 0.68671875 0.8140625 0.065625 0.29453125
63 0.559375 0.80625 0.05 0.284375
25 0.30859375 0.803125 0.07109375 0.27109375
25 0.36875 0.79609375 0.05078125 0.265625
27 0.428125 0.796875 0.065625 0.26953125
27 0.490625 0.80078125 0.0546875 0.27265625
102 0.5625 0.15546875 0.0765625 0.28359375