112 0.12578125 0.28203125 0.18671875 0.321875
97 0.28828125 0.2375 0.096875 0.39140625
97 0.39453125 0.234375 0.0859375 0.3765625
8 0.55546875 0.29609375 0.17734375 0.26640625
3 0.85078125 0.3 0.10546875 0.2609375
74 0.08203125 0.74375 0.12109375 0.315625
56 0.184375 0.75625 0.090625 0.28046875
18 0.27890625 0.721875 0.1234375 0.3484375
67 0.40546875 0.7375 0.11953125 0.27890625
52 0.509375 0.71875 0.090625 0.3359375
32 0.62734375 0.73359375 0.13359375 0.30546875
98 0.75 0.740625 0.1 0.28359375
89 0.85859375 0.7359375 0.10859375 0.28203125