18 0.121875 0.165625 0.09375 0.246875
69 0.20859375 0.1875 0.08046875 0.23203125
89 0.29375 0.18359375 0.05859375 0.23359375
99 0.34375 0.17734375 0.05625 0.24609375
15 0.43359375 0.1828125 0.0765625 0.24609375
20 0.51171875 0.203125 0.07890625 0.20859375
20 0.5734375 0.20390625 0.0828125 0.1984375
22 0.65546875 0.19375 0.084375 0.22890625
22 0.7375 0.2 0.090625 0.23046875
28 0.81953125 0.19609375 0.08125 0.23046875
79 0.13125 0.46875 0.0703125 0.203125
79 0.20859375 0.46875 0.0859375 0.2109375
80 0.359375 0.478125 0.0796875 0.203125
79 0.42265625 0.4640625 0.0640625 0.24140625
25 0.5046875 0.46875 0.06953125 0.22109375
35 0.353125 0.7734375 0.06328125 0.32109375
41 0.4203125 0.78125 0.06640625 0.3015625
39 0.5 0.78359375 0.078125 0.303125
78 0.56484375 0.7859375 0.0640625 0.3125
106 0.64296875 0.7921875 0.07109375 0.3109375
100 0.715625 0.78828125 0.059375 0.32890625
34 0.790625 0.7890625 0.07578125 0.3140625
25 0.12578125 0.76796875 0.07109375 0.3109375
25 0.20703125 0.76796875 0.07265625 0.31640625
27 0.28125 0.76796875 0.06953125 0.31171875
40 0.57578125 0.46328125 0.05546875 0.2015625
96 0.65234375 0.48984375 0.0578125 0.19140625
21 0.7234375 0.48359375 0.06796875 0.18359375
0 0.80546875 0.48984375 0.07109375 0.221875