18 0.184375 0.14296875 0.07890625 0.234375
69 0.253125 0.1375 0.065625 0.22890625
89 0.33984375 0.1296875 0.06875 0.24140625
99 0.396875 0.13515625 0.065625 0.23359375
15 0.4875 0.153125 0.08984375 0.24453125
22 0.70078125 0.13671875 0.10078125 0.23359375
22 0.79765625 0.1375 0.0984375 0.2359375
28 0.8796875 0.15546875 0.0625 0.234375
80 0.4046875 0.43359375 0.0765625 0.203125
35 0.41015625 0.70546875 0.0671875 0.27890625
41 0.4875 0.70859375 0.08046875 0.296875
39 0.5453125 0.70546875 0.053125 0.29296875
78 0.6125 0.70625 0.07578125 0.278125
106 0.67578125 0.71640625 0.06796875 0.2625
100 0.73984375 0.696875 0.08828125 0.2734375
79 0.21015625 0.41953125 0.04765625 0.18828125
79 0.2671875 0.41875 0.07734375 0.1828125
79 0.3421875 0.4234375 0.05546875 0.18359375
25 0.2234375 0.68515625 0.05859375 0.24453125
25 0.28515625 0.69140625 0.075 0.2453125
27 0.346875 0.69609375 0.06640625 0.259375
101 0.8171875 0.7015625 0.06484375 0.27421875
20 0.55703125 0.14609375 0.0546875 0.19453125
20 0.6265625 0.15 0.0640625 0.18671875
79 0.48203125 0.4 0.05859375 0.21484375
24 0.5515625 0.4140625 0.05234375 0.21328125
40 0.62109375 0.41796875 0.06328125 0.2046875
96 0.6953125 0.415625 0.05703125 0.18984375
21 0.7765625 0.4296875 0.06796875 0.1984375
0 0.85234375 0.428125 0.07734375 0.228125