112 0.13515625 0.13359375 0.16328125 0.1078125
56 0.63828125 0.13125 0.065625 0.1078125
56 0.7734375 0.121875 0.090625 0.1203125
49 0.3234375 0.2640625 0.175 0.134375
6 0.51953125 0.27734375 0.14765625 0.1078125
61 0.70859375 0.25703125 0.159375 0.12421875
67 0.88984375 0.259375 0.15390625 0.128125
52 0.17421875 0.40703125 0.08828125 0.11953125
56 0.37421875 0.4171875 0.08828125 0.10234375
58 0.4671875 0.40078125 0.1 0.13984375
60 0.5625 0.40625 0.1015625 0.13203125
18 0.115625 0.5421875 0.07109375 0.1140625
69 0.18046875 0.53984375 0.0765625 0.128125
89 0.31015625 0.53984375 0.05546875 0.115625
99 0.371875 0.5390625 0.06328125 0.1203125
15 0.46875 0.5390625 0.0921875 0.12265625
20 0.56328125 0.5359375 0.07734375 0.121875
20 0.64296875 0.53359375 0.0671875 0.1203125
22 0.7234375 0.5390625 0.10546875 0.11796875
22 0.83125 0.54140625 0.1171875 0.11796875
28 0.93046875 0.540625 0.09609375 0.11953125
79 0.21328125 0.68203125 0.09609375 0.11953125
25 0.56015625 0.675 0.090625 0.11640625
35 0.3890625 0.84140625 0.0828125 0.16953125
78 0.6375 0.846875 0.09453125 0.17421875
106 0.7140625 0.84296875 0.09453125 0.165625
25 0.125 0.84375 0.08828125 0.1625
25 0.215625 0.84453125 0.09296875 0.1609375
27 0.3 0.8484375 0.08359375 0.16640625
41 0.47109375 0.84453125 0.08515625 0.16015625
39 0.55703125 0.84296875 0.08359375 0.1625
100 0.8125 0.84453125 0.1015625 0.15078125
101 0.90859375 0.85 0.08671875 0.16796875
79 0.12421875 0.68515625 0.075 0.1125
79 0.2953125 0.68125 0.0734375 0.1125
80 0.39375 0.66953125 0.0796875 0.103125
73 0.1125 0.41015625 0.06796875 0.109375
1 0.4609375 0.0640625 0.09140625 0.0703125
87 0.5796875 0.05703125 0.071875 0.0890625
51 0.89453125 0.10546875 0.1515625 0.1390625
111 0.33203125 0.12421875 0.16015625 0.10546875
36 0.140625 0.26484375 0.1734375 0.1203125
37 0.2796875 0.40625 0.08828125 0.11015625
96 0.7265625 0.68046875 0.06875 0.103125
40 0.64140625 0.67734375 0.078125 0.11640625
0 0.921875 0.68203125 0.08984375 0.1296875
21 0.82265625 0.684375 0.08515625 0.12421875
94 0.45546875 0.16484375 0.08984375 0.046875
92 0.56015625 0.16328125 0.08359375 0.04921875