112 0.19296875 0.2125 0.15390625 0.221875
111 0.3453125 0.20390625 0.1296875 0.22890625
56 0.6 0.24453125 0.06640625 0.178125
56 0.70625 0.24375 0.0609375 0.2
49 0.33984375 0.4640625 0.12578125 0.221875
6 0.48203125 0.46875 0.12578125 0.1859375
61 0.63984375 0.4640625 0.1234375 0.20859375
67 0.79375 0.46875 0.1140625 0.21640625
52 0.21796875 0.7046875 0.0640625 0.20859375
56 0.37578125 0.73515625 0.06484375 0.15859375
58 0.459375 0.709375 0.065625 0.2265625
60 0.53046875 0.7125 0.07421875 0.22890625
73 0.165625 0.72109375 0.05 0.20234375
18 0.15859375 0.92890625 0.05703125 0.1421875
69 0.23515625 0.9265625 0.06953125 0.14609375
89 0.32109375 0.92265625 0.046875 0.1421875
99 0.36796875 0.92734375 0.04375 0.14453125
15 0.453125 0.9234375 0.0671875 0.14921875
20 0.52265625 0.92734375 0.06796875 0.14375
20 0.59375 0.9265625 0.06484375 0.14375
22 0.66875 0.928125 0.0703125 0.14296875
22 0.7375 0.93125 0.06328125 0.13671875
28 0.81640625 0.9328125 0.0625 0.13359375
50 0.80859375 0.22109375 0.1078125 0.225
1 0.4640625 0.13203125 0.0453125 0.11328125
87 0.5421875 0.11796875 0.0453125 0.13515625
94 0.45234375 0.29375 0.06640625 0.0703125
92 0.534375 0.29140625 0.06796875 0.071875
36 0.203125 0.45625 0.12578125 0.2015625
37 0.30546875 0.71796875 0.06640625 0.2015625