18 0.15078125 0.09765625 0.06796875 0.19453125
69 0.22578125 0.10078125 0.09765625 0.2015625
89 0.32109375 0.0984375 0.04296875 0.19609375
99 0.37421875 0.0984375 0.06953125 0.19609375
15 0.46015625 0.1 0.07578125 0.2
20 0.540625 0.10078125 0.07578125 0.2015625
22 0.69765625 0.0953125 0.0828125 0.190625
22 0.76953125 0.09453125 0.08046875 0.1890625
79 0.16484375 0.375 0.07421875 0.19453125
80 0.38828125 0.37890625 0.065625 0.190625
25 0.53828125 0.36875 0.0703125 0.23359375
35 0.38828125 0.67109375 0.07109375 0.31953125
41 0.45703125 0.68828125 0.06640625 0.30703125
39 0.5375 0.6921875 0.06953125 0.3140625
78 0.60390625 0.68125 0.075 0.325
106 0.6890625 0.68046875 0.07890625 0.3234375
100 0.75859375 0.68203125 0.10078125 0.3359375
79 0.31171875 0.38515625 0.065625 0.19375
25 0.17421875 0.6640625 0.08671875 0.296875
25 0.25078125 0.68359375 0.08359375 0.31875
27 0.3171875 0.67734375 0.075 0.30859375
28 0.85390625 0.0921875 0.075 0.18359375
40 0.60546875 0.36484375 0.0546875 0.21171875
96 0.68828125 0.378125 0.065625 0.1984375
21 0.76640625 0.37734375 0.071875 0.18671875
0 0.84609375 0.3765625 0.0796875 0.228125
101 0.8421875 0.69375 0.0703125 0.296875
79 0.45625 0.36484375 0.06796875 0.20859375