112 0.1984375 0.275 0.140625 0.1
111 0.32109375 0.271875 0.11171875 0.08828125
56 0.53828125 0.28046875 0.05390625 0.06796875
56 0.6140625 0.284375 0.059375 0.0703125
49 0.325 0.371875 0.1234375 0.08046875
6 0.4484375 0.37578125 0.10546875 0.06953125
61 0.57109375 0.36484375 0.11171875 0.08046875
67 0.69296875 0.36484375 0.0984375 0.08203125
52 0.22265625 0.46796875 0.065625 0.0875
56 0.36015625 0.46875 0.059375 0.07578125
58 0.4234375 0.45859375 0.0671875 0.0859375
60 0.484375 0.46171875 0.065625 0.08984375
18 0.17578125 0.5625 0.07890625 0.090625
69 0.23828125 0.5609375 0.06171875 0.0859375
89 0.3140625 0.5578125 0.05234375 0.084375
99 0.3515625 0.55625 0.06171875 0.09609375
15 0.4234375 0.559375 0.059375 0.0875
20 0.47734375 0.55 0.075 0.08046875
22 0.59765625 0.553125 0.07734375 0.07578125
22 0.66171875 0.55 0.075 0.078125
28 0.72734375 0.55078125 0.07890625 0.08046875
79 0.1734375 0.65390625 0.07109375 0.078125
79 0.24453125 0.65625 0.059375 0.07578125
79 0.3015625 0.65703125 0.06953125 0.07421875
25 0.47578125 0.64453125 0.075 0.078125
35 0.36484375 0.753125 0.06953125 0.10234375
39 0.47734375 0.75234375 0.075 0.09921875
78 0.5390625 0.75078125 0.07109375 0.109375
106 0.5890625 0.74453125 0.06328125 0.10390625
100 0.63671875 0.73828125 0.08671875 0.1015625
73 0.16796875 0.471875 0.0546875 0.0734375
25 0.190625 0.7640625 0.05703125 0.09453125
25 0.2453125 0.7640625 0.053125 0.09921875
27 0.30546875 0.76171875 0.05 0.09921875
101 0.696875 0.73984375 0.046875 0.096875
1 0.4203125 0.24140625 0.046875 0.046875
87 0.48671875 0.23359375 0.05 0.05078125
36 0.19375 0.3703125 0.1 0.07734375
37 0.2875 0.46328125 0.0734375 0.07578125
50 0.690625 0.2734375 0.09296875 0.0734375
40 0.54140625 0.6453125 0.0453125 0.07421875
96 0.59296875 0.6375 0.04140625 0.06796875
21 0.65546875 0.64140625 0.053125 0.07578125
0 0.7109375 0.63671875 0.0453125 0.07734375
94 0.41953125 0.30390625 0.0546875 0.02421875
92 0.4859375 0.30390625 0.0515625 0.034375