112 0.11953125 0.1546875 0.17109375 0.1421875
111 0.2859375 0.175 0.1765625 0.13359375
56 0.58359375 0.20390625 0.059375 0.09375
56 0.6921875 0.21640625 0.0734375 0.090625
49 0.29765625 0.3171875 0.17734375 0.13359375
6 0.4640625 0.33203125 0.1171875 0.0875
61 0.6 0.3171875 0.1421875 0.1125
67 0.73984375 0.3234375 0.11171875 0.10546875
52 0.1359375 0.453125 0.0921875 0.12421875
56 0.33828125 0.4578125 0.06171875 0.0921875
58 0.4171875 0.446875 0.08046875 0.128125
60 0.4859375 0.44453125 0.08828125 0.11640625
69 0.15703125 0.5953125 0.084375 0.13359375
89 0.26015625 0.58046875 0.06328125 0.10390625
99 0.31953125 0.578125 0.0671875 0.115625
15 0.39765625 0.575 0.1 0.11171875
20 0.46796875 0.56640625 0.08671875 0.10390625
22 0.6921875 0.55625 0.08828125 0.090625
79 0.1515625 0.725 0.084375 0.11015625
79 0.2390625 0.71640625 0.09453125 0.10625
25 0.45546875 0.68671875 0.1 0.09375
35 0.30859375 0.846875 0.10625 0.12421875
25 0.15078125 0.871875 0.09453125 0.12734375
39 0.44765625 0.82890625 0.09609375 0.1296875
78 0.51875 0.8140625 0.1078125 0.121875
106 0.57421875 0.796875 0.1 0.11171875
100 0.64609375 0.78984375 0.08125 0.1078125
27 0.24140625 0.86015625 0.04140625 0.1375
101 0.703125 0.7828125 0.03828125 0.11484375
20 0.53515625 0.56328125 0.09296875 0.0953125
18 0.09765625 0.59453125 0.0546875 0.11875
1 0.45 0.134375 0.05859375 0.07578125
87 0.53203125 0.1359375 0.06015625 0.08203125
94 0.4328125 0.2234375 0.078125 0.0421875
92 0.51875 0.23125 0.0765625 0.0453125
50 0.7609375 0.2109375 0.08515625 0.096875
36 0.12109375 0.29921875 0.11484375 0.1203125
37 0.240625 0.45 0.096875 0.1
40 0.534375 0.67890625 0.071875 0.08203125
96 0.59921875 0.675 0.06484375 0.0921875
21 0.665625 0.67109375 0.053125 0.08203125