112 0.178125 0.253125 0.17421875 0.24140625
111 0.3359375 0.23515625 0.1515625 0.26953125
56 0.6140625 0.28125 0.0734375 0.184375
56 0.709375 0.28125 0.08984375 0.20546875
49 0.32578125 0.51796875 0.14765625 0.2484375
6 0.48515625 0.5296875 0.128125 0.2109375
61 0.6609375 0.515625 0.1515625 0.2390625
67 0.80859375 0.51015625 0.1265625 0.2359375
52 0.1921875 0.796875 0.0640625 0.2484375
56 0.36953125 0.8140625 0.08359375 0.178125
58 0.45390625 0.78828125 0.09140625 0.26796875
60 0.5359375 0.796875 0.090625 0.26796875
73 0.12421875 0.80625 0.06171875 0.22734375
1 0.453125 0.14765625 0.06328125 0.121875
87 0.54921875 0.14140625 0.053125 0.14140625
94 0.45078125 0.33828125 0.065625 0.08125
92 0.53828125 0.33515625 0.0796875 0.08671875
51 0.8171875 0.22890625 0.1296875 0.26328125
36 0.14921875 0.5140625 0.11796875 0.2234375
37 0.28359375 0.8 0.0796875 0.228125