112 0.2421875 0.2796875 0.1296875 0.0921875
111 0.36640625 0.27890625 0.125 0.08203125
56 0.56875 0.2875 0.053125 0.071875
56 0.6578125 0.29140625 0.06796875 0.06484375
49 0.359375 0.375 0.121875 0.0921875
12 0.4765625 0.38046875 0.1046875 0.0734375
61 0.60234375 0.37734375 0.10703125 0.0890625
67 0.71953125 0.37421875 0.0953125 0.08359375
52 0.2609375 0.46328125 0.0515625 0.0796875
56 0.39375 0.46796875 0.05 0.065625
58 0.446875 0.46328125 0.05 0.0875
60 0.50859375 0.4640625 0.06328125 0.08359375
18 0.21953125 0.55078125 0.05859375 0.08125
69 0.27421875 0.54921875 0.0453125 0.08203125
89 0.3390625 0.55390625 0.05 0.084375
99 0.3890625 0.55078125 0.05 0.07890625
15 0.4546875 0.55546875 0.06171875 0.08671875
22 0.68671875 0.55703125 0.0703125 0.08671875
28 0.75234375 0.55546875 0.06015625 0.0734375
80 0.39140625 0.64609375 0.0515625 0.084375
35 0.38984375 0.7484375 0.05859375 0.09921875
41 0.45 0.7484375 0.05703125 0.09765625
39 0.50546875 0.74609375 0.053125 0.10078125
106 0.609375 0.74453125 0.05234375 0.09375
78 0.55703125 0.7453125 0.06015625 0.09453125
100 0.6640625 0.74453125 0.0609375 0.0921875
73 0.2171875 0.4625 0.04296875 0.07109375
25 0.228125 0.74453125 0.0546875 0.09296875
25 0.2796875 0.74765625 0.0484375 0.09453125
27 0.33515625 0.746875 0.053125 0.1
79 0.21953125 0.6375 0.0515625 0.0703125
79 0.27578125 0.64453125 0.06015625 0.0703125
79 0.3328125 0.64609375 0.0453125 0.07578125
1 0.4609375 0.2453125 0.03828125 0.040625
87 0.5265625 0.24609375 0.0453125 0.04765625
94 0.453125 0.30625 0.0546875 0.0296875
92 0.51640625 0.3109375 0.06484375 0.0296875
51 0.73359375 0.27890625 0.08671875 0.0859375
20 0.5140625 0.553125 0.0421875 0.078125
20 0.56953125 0.55390625 0.04921875 0.071875
22 0.62421875 0.55625 0.05390625 0.0796875
24 0.51015625 0.64140625 0.05234375 0.0703125
40 0.565625 0.6421875 0.0515625 0.071875
96 0.62421875 0.646875 0.04375 0.06875
21 0.6828125 0.6453125 0.046875 0.07734375
0 0.7390625 0.64609375 0.0578125 0.075
79 0.45 0.64296875 0.053125 0.071875
101 0.72890625 0.74296875 0.046875 0.09140625