15 0.06796875 0.21796875 0.12890625 0.16171875
20 0.19296875 0.22578125 0.12109375 0.1515625
20 0.31484375 0.225 0.13046875 0.1515625
22 0.4171875 0.2109375 0.16953125 0.1765625
22 0.55625 0.20546875 0.1671875 0.171875
28 0.68125 0.2 0.1171875 0.17578125
79 0.109375 0.40390625 0.11953125 0.15625
25 0.196875 0.4109375 0.12109375 0.15625
41 0.14609375 0.61484375 0.12734375 0.1921875
35 0.05625 0.61171875 0.1125 0.2015625
78 0.3515625 0.6234375 0.12265625 0.21015625
106 0.44296875 0.62109375 0.1015625 0.2078125
100 0.55234375 0.6 0.1234375 0.17421875
39 0.25 0.6078125 0.0984375 0.1875
40 0.32890625 0.403125 0.10625 0.14765625
96 0.43515625 0.41171875 0.1 0.1390625
0 0.675 0.40625 0.121875 0.1546875