112 0.190625 0.2375 0.13203125 0.2125
111 0.325 0.23125 0.115625 0.20546875
56 0.55703125 0.246875 0.06484375 0.165625
56 0.66015625 0.24921875 0.04296875 0.1609375
49 0.32734375 0.44375 0.121875 0.19296875
6 0.45078125 0.47109375 0.10546875 0.1640625
61 0.59453125 0.44765625 0.13046875 0.1890625
67 0.734375 0.4484375 0.1 0.1765625
52 0.2296875 0.66484375 0.0515625 0.190625
56 0.36640625 0.6875 0.0609375 0.1625
58 0.4375 0.6625 0.0578125 0.19453125
60 0.49765625 0.66484375 0.06875 0.1984375
18 0.184375 0.875 0.06328125 0.1859375
69 0.253125 0.8890625 0.06328125 0.19453125
89 0.32421875 0.8828125 0.03828125 0.184375
99 0.36640625 0.87578125 0.0421875 0.20390625
15 0.4359375 0.87734375 0.071875 0.19609375
20 0.496875 0.85859375 0.06640625 0.1609375
20 0.5578125 0.853125 0.0734375 0.153125
22 0.6203125 0.8765625 0.07109375 0.178125
22 0.68828125 0.875 0.08203125 0.18203125
73 0.18125 0.6765625 0.046875 0.171875
1 0.43046875 0.14765625 0.05 0.1046875
87 0.51171875 0.1296875 0.04453125 0.13203125
94 0.428125 0.29765625 0.05078125 0.071875
92 0.5015625 0.29453125 0.05859375 0.071875
36 0.18515625 0.44765625 0.10078125 0.178125
37 0.30234375 0.68125 0.06015625 0.16171875
28 0.74765625 0.865625 0.04296875 0.13359375
51 0.73359375 0.22734375 0.0953125 0.196875