100 0.26171875 0.19296875 0.11328125 0.19609375
100 0.34296875 0.19375 0.08671875 0.20234375
79 0.25546875 0.4625 0.0921875 0.12734375
79 0.44765625 0.46171875 0.084375 0.1234375
79 0.52734375 0.46171875 0.0828125 0.12578125
24 0.3390625 0.68828125 0.09453125 0.1375
20 0.5296875 0.69453125 0.10546875 0.1375
20 0.61015625 0.6875 0.08671875 0.1359375
20 0.7109375 0.690625 0.084375 0.13203125
78 0.25546875 0.878125 0.10390625 0.20390625
78 0.34375 0.8703125 0.1 0.2015625
41 0.43828125 0.88046875 0.06953125 0.2015625
41 0.525 0.8765625 0.084375 0.19609375
39 0.62109375 0.87578125 0.1 0.2078125
39 0.703125 0.8765625 0.1 0.190625
101 0.4453125 0.19296875 0.08984375 0.18359375
101 0.534375 0.19609375 0.08828125 0.18125
101 0.628125 0.19609375 0.1046875 0.18671875
101 0.72109375 0.19765625 0.08515625 0.18359375
79 0.35 0.4640625 0.08671875 0.12578125
40 0.2625 0.6828125 0.0765625 0.1265625
79 0.625 0.45078125 0.071875 0.134375
79 0.715625 0.45625 0.08671875 0.1375
36 0.4296875 0.68671875 0.075 0.13203125