112 0.3046875 0.14296875 0.17109375 0.1125
111 0.4375 0.1359375 0.17109375 0.13046875
56 0.7140625 0.13203125 0.09453125 0.10546875
56 0.85703125 0.12578125 0.0921875 0.1375
49 0.42109375 0.275 0.165625 0.121875
6 0.59453125 0.26796875 0.14765625 0.1078125
61 0.78359375 0.26875 0.1671875 0.1421875
52 0.31953125 0.40078125 0.06328125 0.1140625
56 0.475 0.421875 0.08046875 0.0921875
58 0.5625 0.4078125 0.1015625 0.128125
60 0.6515625 0.409375 0.13828125 0.1359375
18 0.2671875 0.51796875 0.08046875 0.11171875
69 0.3359375 0.52421875 0.09609375 0.09921875
89 0.41875 0.534375 0.06171875 0.11953125
99 0.46484375 0.52890625 0.08828125 0.09453125
15 0.5484375 0.54921875 0.10546875 0.13046875
20 0.6640625 0.546875 0.109375 0.1140625
22 0.80625 0.5671875 0.10546875 0.1359375
22 0.8921875 0.57578125 0.0921875 0.12265625
79 0.3015625 0.646875 0.1078125 0.1078125
80 0.49375 0.665625 0.08828125 0.1125
25 0.6515625 0.69140625 0.1 0.1203125
35 0.4890625 0.821875 0.109375 0.14375
41 0.56015625 0.84296875 0.07890625 0.15625
39 0.6421875 0.8546875 0.115625 0.134375
78 0.71484375 0.87109375 0.11953125 0.1515625
106 0.79609375 0.88671875 0.12265625 0.15
106 0.89375 0.90390625 0.115625 0.14765625
73 0.2671875 0.403125 0.05703125 0.103125
25 0.2890625 0.778125 0.0796875 0.11328125
25 0.3546875 0.79609375 0.09140625 0.11796875
27 0.41484375 0.809375 0.09140625 0.12578125
79 0.42109375 0.66171875 0.08515625 0.1109375
36 0.29140625 0.271875 0.11484375 0.10078125
37 0.39140625 0.40390625 0.0515625 0.0921875
87 0.640625 0.05546875 0.053125 0.0703125
1 0.553125 0.07109375 0.028125 0.05703125
94 0.540625 0.16953125 0.06015625 0.04296875
92 0.634375 0.165625 0.075 0.03984375
39 0.725 0.69609375 0.053125 0.115625
96 0.79921875 0.7203125 0.11484375 0.11328125