100 0.2171875 0.13828125 0.13046875 0.22734375
100 0.31484375 0.14296875 0.1 0.240625
79 0.21796875 0.4546875 0.125 0.15
79 0.31953125 0.459375 0.10546875 0.14375
79 0.44375 0.459375 0.09609375 0.14375
79 0.53984375 0.4609375 0.08828125 0.1421875
20 0.5296875 0.7109375 0.09453125 0.1421875
20 0.615625 0.71171875 0.0828125 0.14375
20 0.73046875 0.7046875 0.1 0.13984375
78 0.21015625 0.91015625 0.10546875 0.16796875
78 0.303125 0.9046875 0.08828125 0.1859375
41 0.4234375 0.9078125 0.11328125 0.1796875
41 0.5125 0.90859375 0.09453125 0.1828125
39 0.6171875 0.90390625 0.09609375 0.1859375
39 0.71875 0.90234375 0.1078125 0.18828125
101 0.440625 0.146875 0.103125 0.2265625
101 0.53984375 0.1484375 0.09140625 0.2125
101 0.65703125 0.1578125 0.09296875 0.21875
101 0.7453125 0.16328125 0.096875 0.22265625
79 0.6375 0.4484375 0.08671875 0.15234375
79 0.73203125 0.45 0.0796875 0.14765625
40 0.22578125 0.71875 0.08984375 0.1453125
24 0.3125 0.715625 0.08828125 0.140625
24 0.42734375 0.71171875 0.0796875 0.140625