24 0.31796875 0.203125 0.10546875 0.31640625
20 0.52734375 0.21640625 0.09375 0.30390625
20 0.61015625 0.22265625 0.09375 0.303125
20 0.721875 0.225 0.08671875 0.30390625
78 0.2328125 0.66875 0.10859375 0.44453125
78 0.3171875 0.6609375 0.0953125 0.4375
41 0.42265625 0.67890625 0.0921875 0.4234375
41 0.503125 0.6765625 0.09453125 0.425
39 0.61171875 0.68359375 0.09453125 0.425
39 0.70078125 0.68046875 0.09296875 0.415625
24 0.41953125 0.20625 0.08359375 0.2984375
40 0.23046875 0.19765625 0.08203125 0.3046875