79 0.36015625 0.4578125 0.09765625 0.1203125
79 0.53515625 0.46640625 0.0828125 0.1296875
20 0.61953125 0.70703125 0.09453125 0.1359375
20 0.709375 0.71015625 0.07265625 0.1375
24 0.42734375 0.68984375 0.07890625 0.1359375
24 0.52734375 0.69296875 0.08671875 0.13984375
78 0.35546875 0.87890625 0.10390625 0.20390625
78 0.44453125 0.871875 0.07890625 0.2
41 0.53203125 0.896875 0.07734375 0.19765625
41 0.609375 0.90234375 0.0921875 0.1859375
39 0.70625 0.9046875 0.109375 0.18359375
100 0.35703125 0.18671875 0.1078125 0.2015625
100 0.43828125 0.18203125 0.084375 0.21015625
79 0.62578125 0.46875 0.09453125 0.1421875
79 0.43984375 0.4609375 0.084375 0.13359375
101 0.5359375 0.1796875 0.0953125 0.19453125
101 0.63046875 0.17890625 0.103125 0.19765625
101 0.73046875 0.175 0.096875 0.196875
101 0.81640625 0.16171875 0.06875 0.19453125
39 0.7921875 0.91640625 0.06640625 0.16640625
40 0.3578125 0.6796875 0.071875 0.11875