111 0.30625 0.1953125 0.159375 0.12578125
56 0.57109375 0.2140625 0.0578125 0.09609375
56 0.6671875 0.2125 0.05390625 0.090625
49 0.31484375 0.3203125 0.16953125 0.1140625
6 0.46484375 0.31953125 0.13828125 0.09765625
61 0.6015625 0.3171875 0.12265625 0.1046875
67 0.73515625 0.3140625 0.10546875 0.0984375
52 0.196875 0.44296875 0.07890625 0.1046875
56 0.365625 0.45078125 0.059375 0.078125
58 0.43515625 0.43515625 0.07890625 0.10546875
60 0.5015625 0.428125 0.065625 0.10390625
69 0.21875 0.565625 0.084375 0.1125
89 0.3 0.55390625 0.0578125 0.09453125
99 0.34609375 0.559375 0.0578125 0.115625
15 0.4234375 0.55 0.090625 0.0984375
20 0.484375 0.54140625 0.065625 0.09765625
22 0.62578125 0.53359375 0.075 0.0953125
22 0.68828125 0.528125 0.07734375 0.0921875
28 0.75234375 0.5234375 0.07109375 0.08984375
80 0.3484375 0.66875 0.075 0.09375
25 0.484375 0.65625 0.08046875 0.1015625
35 0.34453125 0.81171875 0.09765625 0.1359375
41 0.4171875 0.8046875 0.09609375 0.121875
39 0.4875 0.7921875 0.0984375 0.11953125
78 0.5484375 0.7859375 0.09453125 0.11953125
106 0.61328125 0.7734375 0.08828125 0.11796875
100 0.66953125 0.7640625 0.10234375 0.1203125
112 0.178125 0.1984375 0.08203125 0.10859375
25 0.221875 0.82734375 0.0796875 0.1265625
27 0.2890625 0.81484375 0.08984375 0.12421875
101 0.740625 0.7546875 0.0796875 0.1109375
1 0.4453125 0.15703125 0.053125 0.04921875
87 0.51640625 0.15234375 0.0515625 0.0625
94 0.440625 0.2328125 0.06328125 0.03359375
92 0.509375 0.23515625 0.075 0.03359375
50 0.74296875 0.203125 0.08515625 0.1078125
11 0.4671875 0.32421875 0.103125 0.0765625
36 0.196875 0.3171875 0.0765625 0.103125
37 0.2796875 0.44140625 0.08828125 0.09140625
40 0.55 0.6484375 0.06796875 0.0890625
96 0.61796875 0.64609375 0.06796875 0.0875
21 0.67734375 0.64140625 0.05 0.078125