97 0.3578125 0.08203125 0.1375 0.1640625
97 0.44609375 0.08125 0.1078125 0.1625
112 0.22890625 0.08203125 0.1734375 0.1640625
8 0.5859375 0.1046875 0.1765625 0.134375
3 0.82265625 0.10703125 0.08828125 0.115625
56 0.2484375 0.30703125 0.0984375 0.134375
18 0.334375 0.28984375 0.13828125 0.15390625
67 0.44765625 0.2984375 0.1 0.12421875
52 0.53359375 0.29453125 0.10234375 0.14453125
32 0.63359375 0.296875 0.1171875 0.12578125
98 0.734375 0.3 0.07734375 0.11640625
89 0.81796875 0.2953125 0.0984375 0.115625
100 0.23828125 0.4859375 0.11953125 0.20390625
101 0.3421875 0.48515625 0.115625 0.1875
34 0.43046875 0.4796875 0.13828125 0.18984375
109 0.6015625 0.46484375 0.11953125 0.18046875
109 0.69296875 0.46171875 0.12890625 0.184375
44 0.75859375 0.47578125 0.12890625 0.1484375
41 0.23359375 0.71875 0.12890625 0.19921875
39 0.33046875 0.709375 0.11953125 0.1921875
39 0.41796875 0.69453125 0.1171875 0.18828125
82 0.50703125 0.68046875 0.11953125 0.19375
79 0.58828125 0.70859375 0.09609375 0.121875
79 0.665625 0.69765625 0.0765625 0.11484375
79 0.74453125 0.68828125 0.0953125 0.1109375
102 0.52578125 0.47421875 0.08984375 0.1765625
75 0.57421875 0.88828125 0.1046875 0.17265625
35 0.65390625 0.8828125 0.11015625 0.1703125
63 0.4859375 0.90390625 0.1015625 0.18359375
27 0.409375 0.91015625 0.0984375 0.16640625
27 0.31953125 0.92109375 0.0953125 0.15703125
25 0.2234375 0.925 0.09921875 0.14921875
84 0.7328125 0.865625 0.09140625 0.1546875