112 0.18515625 0.1234375 0.07890625 0.1125
111 0.3359375 0.13046875 0.15 0.15
56 0.63828125 0.16640625 0.084375 0.0984375
56 0.73828125 0.16953125 0.09609375 0.115625
49 0.328125 0.271875 0.17734375 0.1375
6 0.49921875 0.29453125 0.13828125 0.10078125
61 0.67109375 0.2859375 0.15 0.121875
67 0.81171875 0.2875 0.16328125 0.12265625
52 0.18125 0.421875 0.0828125 0.13203125
56 0.38359375 0.4359375 0.0671875 0.09765625
58 0.46015625 0.421875 0.09765625 0.128125
60 0.5390625 0.42421875 0.11328125 0.13203125
69 0.20546875 0.5734375 0.1 0.13828125
89 0.3 0.56796875 0.08046875 0.1453125
99 0.353125 0.56328125 0.10390625 0.13046875
15 0.446875 0.56015625 0.10234375 0.121875
20 0.52109375 0.5640625 0.1078125 0.11640625
20 0.6 0.55859375 0.1234375 0.121875
22 0.6859375 0.5609375 0.09609375 0.1234375
22 0.771875 0.559375 0.109375 0.11796875
28 0.846875 0.5546875 0.07109375 0.1140625
79 0.18515625 0.728125 0.07890625 0.140625
80 0.34296875 0.71953125 0.1015625 0.12578125
79 0.4171875 0.70625 0.134375 0.1265625
35 0.3375 0.8890625 0.1328125 0.1734375
41 0.415625 0.88515625 0.14453125 0.1796875
106 0.65625 0.85859375 0.140625 0.16796875
100 0.73046875 0.853125 0.1234375 0.165625
34 0.80625 0.85078125 0.12890625 0.1625
25 0.18125 0.90625 0.075 0.16875
27 0.2625 0.89453125 0.10703125 0.165625
39 0.51953125 0.87109375 0.11171875 0.17109375
1 0.48828125 0.0859375 0.0546875 0.06875
87 0.58125 0.090625 0.06875 0.07890625
94 0.48125 0.18828125 0.08515625 0.04453125
92 0.56640625 0.19140625 0.08515625 0.046875
37 0.29453125 0.4234375 0.1046875 0.1125
40 0.58828125 0.69140625 0.08515625 0.1
24 0.50859375 0.6984375 0.0703125 0.1109375
96 0.678125 0.696875 0.08203125 0.10234375
21 0.759375 0.69765625 0.071875 0.096875
0 0.8390625 0.69921875 0.05 0.10234375
51 0.82890625 0.1578125 0.13359375 0.128125