112 0.20859375 0.23671875 0.12890625 0.08828125
111 0.3265625 0.2296875 0.10546875 0.09296875
56 0.54375 0.2265625 0.0640625 0.08359375
56 0.65234375 0.21953125 0.05703125 0.08125
49 0.32578125 0.33125 0.1109375 0.0890625
12 0.44609375 0.340625 0.0953125 0.08203125
61 0.59453125 0.32578125 0.121875 0.09609375
52 0.24140625 0.43671875 0.0515625 0.08828125
56 0.36640625 0.44765625 0.05078125 0.075
58 0.425 0.43671875 0.053125 0.09453125
60 0.49921875 0.44140625 0.05390625 0.10390625
18 0.2125 0.53125 0.0515625 0.0859375
69 0.26015625 0.5328125 0.046875 0.08125
89 0.328125 0.53828125 0.040625 0.0921875
99 0.37109375 0.53984375 0.0515625 0.09296875
15 0.43984375 0.54296875 0.06484375 0.09375
22 0.63515625 0.5578125 0.0875 0.0953125
22 0.70390625 0.56484375 0.07890625 0.1015625
80 0.38984375 0.64296875 0.07734375 0.0875
41 0.46171875 0.76640625 0.06640625 0.11015625
39 0.521875 0.775 0.08203125 0.1078125
78 0.58203125 0.775 0.071875 0.10234375
106 0.63828125 0.78984375 0.0828125 0.11015625
100 0.709375 0.796875 0.06640625 0.11328125
73 0.19765625 0.43515625 0.0453125 0.0734375
25 0.24375 0.734375 0.06328125 0.10234375
25 0.2890625 0.74375 0.06328125 0.084375
27 0.34140625 0.746875 0.06875 0.09765625
35 0.4 0.75703125 0.08203125 0.10234375
79 0.23515625 0.6234375 0.06328125 0.06796875
79 0.2828125 0.628125 0.075 0.0734375
79 0.3421875 0.634375 0.06015625 0.08203125
80 0.39453125 0.640625 0.075 0.08359375
1 0.41953125 0.17890625 0.0453125 0.04765625
87 0.49375 0.16796875 0.04375 0.05859375
94 0.4125 0.25546875 0.046875 0.03359375
92 0.48359375 0.25390625 0.053125 0.03125
51 0.7296875 0.19140625 0.075 0.10234375
36 0.2015625 0.334375 0.0984375 0.07890625
37 0.30625 0.43828125 0.0453125 0.07109375
24 0.50390625 0.646875 0.046875 0.0765625
40 0.575 0.6578125 0.05703125 0.0890625
96 0.6375 0.66953125 0.05703125 0.09140625
21 0.7125 0.67578125 0.05703125 0.09140625