15 0.13359375 0.225 0.15625 0.18046875
20 0.2765625 0.2265625 0.11953125 0.15
20 0.3984375 0.234375 0.11328125 0.1578125
22 0.521875 0.2203125 0.15546875 0.18046875
22 0.66328125 0.225 0.1578125 0.184375
28 0.8125 0.21484375 0.140625 0.16640625
25 0.28125 0.43359375 0.10234375 0.16171875
79 0.16484375 0.4359375 0.1 0.18203125
35 0.0671875 0.6703125 0.1265625 0.21953125
78 0.41171875 0.67890625 0.125 0.25390625
106 0.5265625 0.678125 0.13046875 0.2265625
101 0.7828125 0.678125 0.125 0.21796875
100 0.65390625 0.66953125 0.13984375 0.22578125
41 0.18203125 0.67421875 0.11328125 0.2125
39 0.290625 0.68046875 0.11015625 0.2375
40 0.40703125 0.4390625 0.10703125 0.16015625
96 0.53125 0.45 0.08828125 0.14453125
21 0.66015625 0.45 0.11015625 0.13671875
0 0.79453125 0.4421875 0.13515625 0.16640625