112 0.21796875 0.1859375 0.14921875 0.209375
111 0.3625 0.18046875 0.13984375 0.2265625
56 0.6125 0.209375 0.06484375 0.190625
56 0.7015625 0.2 0.08359375 0.203125
49 0.36796875 0.42734375 0.13515625 0.23203125
6 0.51875 0.4390625 0.115625 0.2
61 0.64921875 0.42109375 0.12578125 0.2140625
67 0.796875 0.42890625 0.11328125 0.215625
52 0.25703125 0.66328125 0.0640625 0.215625
56 0.4 0.68125 0.06640625 0.18203125
58 0.48359375 0.65625 0.06015625 0.22890625
60 0.54375 0.66953125 0.08046875 0.228125
18 0.1953125 0.896875 0.065625 0.2046875
69 0.26484375 0.89765625 0.06171875 0.203125
89 0.3390625 0.896875 0.04921875 0.19609375
99 0.39140625 0.89609375 0.05078125 0.2078125
15 0.4703125 0.8984375 0.06484375 0.20234375
20 0.54453125 0.8921875 0.0640625 0.1859375
20 0.6125 0.89765625 0.06015625 0.2
22 0.68125 0.89921875 0.0703125 0.19453125
22 0.75703125 0.89921875 0.08203125 0.20078125
28 0.8390625 0.9125 0.0640625 0.17109375
73 0.19140625 0.67421875 0.05625 0.184375
1 0.4796875 0.090625 0.04296875 0.10625
87 0.5578125 0.08671875 0.04921875 0.13203125
94 0.46875 0.25859375 0.0609375 0.06640625
92 0.54765625 0.25625 0.06328125 0.08203125
50 0.8078125 0.16875 0.10703125 0.24296875
36 0.2203125 0.4171875 0.12890625 0.203125
37 0.3265625 0.67265625 0.0609375 0.18125