112 0.24921875 0.125 0.2 0.12734375
111 0.4109375 0.1046875 0.16171875 0.1453125
56 0.70234375 0.09375 0.10546875 0.11796875
56 0.825 0.0828125 0.11953125 0.134375
49 0.396875 0.253125 0.18671875 0.14140625
6 0.5515625 0.26328125 0.165625 0.12578125
61 0.7765625 0.23671875 0.17265625 0.14453125
52 0.27421875 0.40546875 0.06171875 0.12265625
56 0.4390625 0.4171875 0.0828125 0.1046875
58 0.5359375 0.403125 0.08828125 0.134375
60 0.63359375 0.4125 0.140625 0.14765625
18 0.21328125 0.5421875 0.08046875 0.134375
69 0.2984375 0.5421875 0.10546875 0.1140625
89 0.37734375 0.553125 0.059375 0.128125
99 0.44609375 0.55390625 0.08125 0.1296875
15 0.54453125 0.55859375 0.10546875 0.13203125
20 0.6390625 0.5671875 0.13671875 0.13046875
22 0.80703125 0.58125 0.14609375 0.1515625
22 0.89296875 0.590625 0.08671875 0.1578125
79 0.2296875 0.68984375 0.0828125 0.115625
80 0.471875 0.71640625 0.10234375 0.13203125
35 0.47734375 0.896875 0.140625 0.178125
41 0.5546875 0.90859375 0.13203125 0.1828125
39 0.6453125 0.9140625 0.14375 0.17109375
73 0.21640625 0.40390625 0.08125 0.11640625
25 0.23984375 0.859375 0.11796875 0.14453125
25 0.3125 0.8671875 0.11796875 0.16328125
27 0.38203125 0.884375 0.11640625 0.165625
1 0.5265625 0.040625 0.06171875 0.06328125
87 0.6125 0.03203125 0.0609375 0.06328125
94 0.51875 0.146875 0.06015625 0.046875
92 0.61171875 0.13515625 0.0703125 0.03984375
40 0.73515625 0.73203125 0.06015625 0.13203125
21 0.9125 0.77578125 0.053125 0.1265625
37 0.34609375 0.40078125 0.06171875 0.10078125
36 0.2296875 0.2578125 0.1046875 0.11015625
24 0.6390625 0.7265625 0.08984375 0.1234375
106 0.8390625 0.928125 0.125 0.14296875
78 0.73515625 0.92421875 0.1015625 0.15078125