112 0.175 0.16484375 0.15390625 0.13359375
111 0.33046875 0.17109375 0.16953125 0.12265625
56 0.6234375 0.2015625 0.08671875 0.11015625
56 0.71953125 0.2 0.090625 0.090625
49 0.33828125 0.3 0.17265625 0.12265625
12 0.50703125 0.3171875 0.134375 0.0875
61 0.64296875 0.31015625 0.1171875 0.10625
67 0.7765625 0.315625 0.12265625 0.1125
52 0.1875 0.4390625 0.09453125 0.12265625
56 0.37578125 0.446875 0.07890625 0.09765625
58 0.4484375 0.43359375 0.08671875 0.11796875
60 0.521875 0.4296875 0.09453125 0.12265625
69 0.2046875 0.571875 0.1015625 0.11953125
89 0.296875 0.56953125 0.090625 0.128125
99 0.3515625 0.56796875 0.07265625 0.12265625
15 0.44453125 0.5609375 0.10546875 0.11640625
22 0.6671875 0.546875 0.0921875 0.109375
22 0.7484375 0.546875 0.090625 0.09765625
28 0.80859375 0.54296875 0.0671875 0.1
79 0.1984375 0.7078125 0.08671875 0.12578125
79 0.26796875 0.70078125 0.1171875 0.1140625
80 0.346875 0.69375 0.09453125 0.115625
24 0.49375 0.67734375 0.10390625 0.1203125
35 0.34453125 0.83984375 0.10234375 0.13828125
78 0.56015625 0.81484375 0.11328125 0.140625
25 0.1921875 0.85625 0.08359375 0.1421875
27 0.2734375 0.84921875 0.0765625 0.1375
1 0.47109375 0.13125 0.0515625 0.06484375
87 0.5609375 0.13125 0.05859375 0.08125
94 0.4703125 0.21953125 0.0734375 0.04296875
92 0.54765625 0.21875 0.09140625 0.04296875
36 0.17734375 0.3 0.11640625 0.1078125
37 0.29296875 0.4515625 0.08828125 0.1
96 0.63828125 0.66796875 0.06484375 0.09453125
21 0.71875 0.66953125 0.053125 0.09453125
101 0.75703125 0.790625 0.0765625 0.1125
100 0.69375 0.80390625 0.0796875 0.128125
106 0.63046875 0.81015625 0.0703125 0.13125
51 0.81796875 0.19609375 0.1015625 0.1109375