79 0.14453125 0.3625 0.06015625 0.209375
79 0.22890625 0.3671875 0.07421875 0.21171875
79 0.3078125 0.36015625 0.07109375 0.2171875
80 0.384375 0.36640625 0.06640625 0.21328125
25 0.15625 0.67265625 0.084375 0.3
25 0.23671875 0.67421875 0.08671875 0.29765625
27 0.31328125 0.68125 0.07734375 0.3140625
35 0.384375 0.68125 0.08515625 0.33125
41 0.46875 0.6921875 0.06953125 0.31640625
39 0.540625 0.69765625 0.075 0.3171875
78 0.615625 0.6859375 0.06640625 0.321875
100 0.78203125 0.6875 0.06484375 0.3109375
101 0.86171875 0.6921875 0.07578125 0.31953125
18 0.1171875 0.078125 0.065625 0.15546875
69 0.20078125 0.0796875 0.06796875 0.15859375
89 0.30234375 0.07734375 0.046875 0.1546875
99 0.3625 0.08046875 0.05625 0.1609375
15 0.4609375 0.0796875 0.084375 0.159375
20 0.5515625 0.078125 0.075 0.15625
20 0.6359375 0.08125 0.07265625 0.1625
22 0.7265625 0.078125 0.08125 0.15625
22 0.815625 0.0765625 0.08203125 0.153125
28 0.91328125 0.06015625 0.08125 0.11953125
79 0.46484375 0.35390625 0.07578125 0.26640625
24 0.5484375 0.32578125 0.0609375 0.23359375
40 0.62109375 0.34296875 0.06484375 0.2453125
96 0.7109375 0.3625 0.065625 0.21015625
21 0.79921875 0.35546875 0.07734375 0.2234375
0 0.890625 0.36796875 0.0890625 0.23125
106 0.6984375 0.68828125 0.0625 0.31171875