112 0.1390625 0.24765625 0.12109375 0.103125
111 0.2671875 0.24921875 0.146875 0.09921875
56 0.4859375 0.26171875 0.04296875 0.0734375
56 0.56796875 0.2671875 0.05 0.07265625
49 0.271875 0.3515625 0.1296875 0.09453125
12 0.39453125 0.3578125 0.10546875 0.0734375
61 0.51171875 0.34921875 0.103125 0.078125
67 0.62109375 0.35 0.0984375 0.078125
52 0.159375 0.46796875 0.06484375 0.09296875
56 0.315625 0.46875 0.04453125 0.07421875
58 0.36328125 0.4546875 0.08125 0.08984375
60 0.42890625 0.4515625 0.08203125 0.08671875
69 0.178125 0.57265625 0.08671875 0.090625
89 0.2578125 0.565625 0.06015625 0.0875
99 0.3015625 0.5625 0.06171875 0.08828125
15 0.371875 0.55859375 0.08203125 0.090625
22 0.60078125 0.53984375 0.06328125 0.0703125
80 0.30546875 0.665625 0.065625 0.08359375
35 0.309375 0.78203125 0.0890625 0.10078125
41 0.36953125 0.77265625 0.08125 0.0953125
39 0.42265625 0.76328125 0.0859375 0.10078125
106 0.52109375 0.73984375 0.0890625 0.096875
100 0.56796875 0.73125 0.08359375 0.0921875
25 0.1875 0.8015625 0.06640625 0.10859375
27 0.25 0.7921875 0.06640625 0.103125
101 0.625 0.7203125 0.05703125 0.09296875
79 0.18515625 0.68125 0.06328125 0.0953125
79 0.25 0.67421875 0.0734375 0.08359375
1 0.378125 0.21328125 0.04140625 0.04921875
87 0.4421875 0.21328125 0.05 0.053125
94 0.3734375 0.2828125 0.053125 0.03359375
92 0.43359375 0.2828125 0.053125 0.03203125
36 0.1421875 0.353125 0.0734375 0.09453125
37 0.24375 0.465625 0.0734375 0.0796875
96 0.53359375 0.634375 0.06015625 0.071875
40 0.48125 0.6421875 0.0453125 0.0703125
24 0.421875 0.6453125 0.05703125 0.0703125
21 0.590625 0.6296875 0.053125 0.06796875