18 0.1125 0.084375 0.07109375 0.16875
69 0.1953125 0.08125 0.06953125 0.1625
99 0.3453125 0.08125 0.05625 0.1625
79 0.16171875 0.30703125 0.0703125 0.19375
79 0.240625 0.31171875 0.06484375 0.20546875
79 0.3078125 0.30703125 0.071875 0.20625
25 0.5234375 0.29921875 0.0671875 0.20625
25 0.26796875 0.58046875 0.07734375 0.2
35 0.3953125 0.57734375 0.06484375 0.21953125
39 0.52109375 0.58203125 0.05859375 0.23828125
78 0.5875 0.58828125 0.06953125 0.2390625
106 0.6546875 0.5828125 0.05546875 0.2328125
100 0.71953125 0.58125 0.0734375 0.21640625
25 0.196875 0.578125 0.06484375 0.21640625
27 0.328125 0.58125 0.05703125 0.2078125
101 0.784375 0.5875 0.0671875 0.22734375
80 0.38046875 0.30625 0.0703125 0.20390625
15 0.4453125 0.08125 0.0796875 0.1625
22 0.70625 0.07734375 0.08515625 0.1546875
22 0.7984375 0.07578125 0.1 0.1515625
40 0.60546875 0.30078125 0.0640625 0.21640625
96 0.6796875 0.31796875 0.05703125 0.21171875
21 0.7578125 0.31796875 0.06640625 0.21875
0 0.834375 0.3265625 0.06875 0.23515625