18 0.1609375 0.2 0.15 0.21171875
69 0.27734375 0.20859375 0.109375 0.20390625
89 0.4796875 0.20703125 0.0984375 0.20234375
99 0.565625 0.21171875 0.09765625 0.21015625
15 0.725 0.221875 0.15390625 0.190625
20 0.85234375 0.21640625 0.109375 0.17265625
79 0.3109375 0.440625 0.1265625 0.16796875
25 0.82734375 0.446875 0.13671875 0.18828125
35 0.5546875 0.6765625 0.12109375 0.22734375
41 0.67734375 0.6953125 0.1328125 0.25625
78 0.9171875 0.68515625 0.165625 0.23984375
25 0.17109375 0.67265625 0.11875 0.23359375
25 0.3015625 0.67734375 0.13125 0.24140625
27 0.434375 0.67890625 0.121875 0.23359375
41 0.675 0.68515625 0.121875 0.23671875
39 0.8109375 0.69296875 0.14140625 0.2453125
79 0.44375 0.45 0.1203125 0.16328125
80 0.58125 0.434375 0.1046875 0.15234375
79 0.178125 0.44140625 0.11796875 0.1578125
40 0.95234375 0.4359375 0.09453125 0.1625
79 0.696875 0.43046875 0.1203125 0.1890625