112 0.37578125 0.44375 0.1546875 0.11015625
111 0.515625 0.43671875 0.13671875 0.10546875
56 0.79375 0.44375 0.05859375 0.078125
56 0.9046875 0.4484375 0.05 0.0859375
49 0.52265625 0.55546875 0.1453125 0.103125
61 0.8328125 0.55078125 0.13828125 0.103125
52 0.40625 0.66953125 0.06953125 0.11015625
56 0.571875 0.6765625 0.06875 0.08515625
58 0.65234375 0.665625 0.08359375 0.1046875
60 0.7265625 0.66484375 0.09140625 0.10703125
18 0.34140625 0.790625 0.08828125 0.1
69 0.421875 0.7890625 0.06640625 0.1046875
89 0.51328125 0.784375 0.05546875 0.0984375
99 0.5625 0.78828125 0.05234375 0.1078125
15 0.64765625 0.78359375 0.0953125 0.096875
22 0.86796875 0.77890625 0.07734375 0.1015625
22 0.9515625 0.77578125 0.09453125 0.096875
79 0.421875 0.90703125 0.07890625 0.11171875
79 0.4953125 0.89765625 0.065625 0.09921875
80 0.5703125 0.896875 0.06953125 0.096875
25 0.7140625 0.89296875 0.07421875 0.0953125
73 0.34765625 0.67734375 0.06171875 0.09453125
79 0.34375 0.9078125 0.0796875 0.10703125
1 0.6546875 0.39296875 0.0546875 0.05703125
87 0.73984375 0.3890625 0.06171875 0.053125
94 0.646875 0.4734375 0.0765625 0.0359375
92 0.73203125 0.47421875 0.0765625 0.03671875
11 0.68046875 0.5609375 0.11328125 0.07890625
36 0.36484375 0.5546875 0.11484375 0.09296875
37 0.49296875 0.671875 0.078125 0.103125
40 0.7875 0.884375 0.06171875 0.0875
96 0.8578125 0.89140625 0.06484375 0.0890625
21 0.9421875 0.88671875 0.0703125 0.07734375