18 0.22578125 0.16953125 0.07421875 0.21640625
69 0.30234375 0.178125 0.06484375 0.1890625
89 0.3796875 0.175 0.04609375 0.21796875
89 0.42421875 0.165625 0.05078125 0.21640625
15 0.49765625 0.17265625 0.071875 0.2
20 0.56484375 0.18125 0.053125 0.1765625
20 0.628125 0.1890625 0.08125 0.18046875
22 0.69765625 0.17109375 0.06796875 0.2109375
22 0.77109375 0.175 0.08359375 0.20859375
28 0.83984375 0.1859375 0.05625 0.21796875
79 0.30078125 0.428125 0.07265625 0.2
79 0.371875 0.43515625 0.06484375 0.1859375
80 0.43984375 0.42734375 0.0734375 0.190625
79 0.49609375 0.415625 0.06484375 0.228125
25 0.5625 0.4203125 0.06171875 0.209375
35 0.43984375 0.68515625 0.065625 0.275
41 0.4984375 0.7 0.0671875 0.26796875
78 0.621875 0.684375 0.07890625 0.284375
106 0.6859375 0.69375 0.07578125 0.2734375
79 0.2421875 0.43046875 0.04921875 0.1640625
25 0.25546875 0.68046875 0.0546875 0.240625
25 0.31796875 0.684375 0.07109375 0.2578125
27 0.3796875 0.6859375 0.06484375 0.25
39 0.5640625 0.6875 0.06015625 0.26171875
100 0.74375 0.67421875 0.07734375 0.25
40 0.6296875 0.41484375 0.06328125 0.18203125
96 0.6921875 0.42734375 0.05234375 0.16328125
21 0.76171875 0.4203125 0.06015625 0.1765625
0 0.83046875 0.434375 0.06875 0.171875