112 0.303125 0.303125 0.2078125 0.16171875
111 0.5421875 0.29296875 0.2265625 0.17421875
56 0.94609375 0.30703125 0.07734375 0.13359375
49 0.5359375 0.4625 0.21953125 0.1578125
6 0.7765625 0.47734375 0.17265625 0.12578125
52 0.34296875 0.6328125 0.1171875 0.17265625
56 0.5890625 0.646875 0.10234375 0.13203125
58 0.7015625 0.6359375 0.11171875 0.1625
60 0.81953125 0.6375 0.125 0.16953125
69 0.33828125 0.81171875 0.09609375 0.16171875
18 0.24609375 0.8109375 0.1078125 0.1640625
89 0.50234375 0.80859375 0.0828125 0.15234375
99 0.56484375 0.8078125 0.08046875 0.159375
15 0.703125 0.81484375 0.12734375 0.17578125
20 0.92109375 0.809375 0.12265625 0.1484375
73 0.25859375 0.6421875 0.08671875 0.146875
1 0.72265625 0.2234375 0.10859375 0.08671875
87 0.8671875 0.21640625 0.08359375 0.08359375
94 0.71796875 0.340625 0.11484375 0.053125
92 0.8421875 0.3390625 0.11640625 0.05546875
36 0.2859375 0.4578125 0.16875 0.13671875
37 0.465625 0.6359375 0.1203125 0.13515625