112 0.3046875 0.125 0.13515625 0.12421875
97 0.4140625 0.1015625 0.06640625 0.14921875
97 0.49375 0.1 0.0765625 0.14921875
74 0.2640625 0.29921875 0.0796875 0.1109375
56 0.334375 0.309375 0.06484375 0.09453125
18 0.40546875 0.2890625 0.0765625 0.121875
67 0.49140625 0.30625 0.078125 0.1078125
52 0.56875 0.30234375 0.0765625 0.1265625
32 0.65703125 0.30625 0.1 0.12109375
98 0.75625 0.31171875 0.08125 0.1046875
100 0.2875 0.4609375 0.1234375 0.165625
100 0.37734375 0.46640625 0.1 0.15859375
101 0.45625 0.465625 0.0984375 0.146875
34 0.525 0.46328125 0.09140625 0.134375
102 0.6171875 0.4734375 0.1203125 0.15078125
109 0.69140625 0.48203125 0.13515625 0.16328125
41 0.309375 0.65 0.128125 0.14140625
41 0.3921875 0.65234375 0.11015625 0.14453125
39 0.46484375 0.66875 0.11796875 0.15234375
39 0.534375 0.67265625 0.11796875 0.15078125
82 0.6171875 0.68359375 0.13671875 0.16640625
79 0.6890625 0.7265625 0.08984375 0.1125
25 0.31953125 0.84140625 0.10859375 0.15078125
25 0.38984375 0.85390625 0.0953125 0.14765625
27 0.4640625 0.86484375 0.103125 0.153125
27 0.53203125 0.88125 0.1 0.16640625
63 0.6109375 0.896875 0.121875 0.16875
75 0.6953125 0.91171875 0.1234375 0.16796875
7 0.6171875 0.125 0.11328125 0.09296875