18 0.25859375 0.0578125 0.0421875 0.115625
69 0.31796875 0.05546875 0.04921875 0.1109375
99 0.4265625 0.0515625 0.0375 0.103125
15 0.49765625 0.053125 0.0546875 0.10625
79 0.26328125 0.278125 0.05703125 0.14765625
79 0.3859375 0.27890625 0.05703125 0.14921875
25 0.5578125 0.2609375 0.053125 0.16953125
25 0.32890625 0.5125 0.05859375 0.23671875
35 0.44453125 0.5140625 0.05625 0.24375
39 0.56484375 0.5171875 0.06171875 0.23125
78 0.621875 0.5171875 0.0484375 0.2421875
106 0.68359375 0.51484375 0.06796875 0.23125
100 0.74375 0.51171875 0.08125 0.24453125
25 0.26875 0.5046875 0.0515625 0.23046875
27 0.38515625 0.51171875 0.0578125 0.23828125
80 0.4421875 0.27265625 0.05859375 0.13671875
79 0.32421875 0.2765625 0.06953125 0.13671875
20 0.621875 0.053125 0.053125 0.10625
20 0.56171875 0.05078125 0.0546875 0.1015625
22 0.6890625 0.05 0.06171875 0.1
22 0.7546875 0.05234375 0.06015625 0.1046875
101 0.8015625 0.5125 0.08125 0.23828125
41 0.50234375 0.5265625 0.0625 0.21953125
40 0.6265625 0.2546875 0.0453125 0.16171875
96 0.6828125 0.2640625 0.0453125 0.13984375
21 0.7515625 0.25859375 0.05546875 0.15703125
0 0.81171875 0.26484375 0.05859375 0.1484375