18 0.19140625 0.19296875 0.11328125 0.16875
99 0.50234375 0.18984375 0.0890625 0.1734375
69 0.3078125 0.2015625 0.0859375 0.15546875
89 0.4328125 0.1890625 0.07890625 0.1671875
15 0.60703125 0.2015625 0.11328125 0.1546875
20 0.7046875 0.20546875 0.08515625 0.1328125
20 0.803125 0.20390625 0.12734375 0.128125
22 0.921875 0.1921875 0.0921875 0.15546875
79 0.21953125 0.4046875 0.090625 0.128125
79 0.31875 0.40234375 0.10859375 0.13203125
79 0.4234375 0.4 0.0875 0.128125
79 0.60703125 0.37578125 0.1078125 0.1484375
79 0.5140625 0.39453125 0.084375 0.1265625
24 0.7 0.38515625 0.08125 0.1421875
40 0.79609375 0.37578125 0.10703125 0.13125
95 0.8796875 0.38359375 0.0921875 0.128125
21 0.96328125 0.37578125 0.07265625 0.13828125
25 0.24296875 0.578125 0.1015625 0.1734375
25 0.34375 0.57890625 0.0984375 0.17578125
25 0.434375 0.57265625 0.0953125 0.1625
35 0.5171875 0.57890625 0.096875 0.18046875
41 0.61015625 0.575 0.11015625 0.17890625
39 0.68984375 0.56796875 0.090625 0.1703125
78 0.77109375 0.56640625 0.11796875 0.1703125
106 0.86015625 0.5671875 0.10546875 0.17890625
100 0.93203125 0.56171875 0.11015625 0.1609375