112 0.20859375 0.14765625 0.1328125 0.0890625
111 0.34609375 0.128125 0.1390625 0.10390625
94 0.446875 0.15390625 0.06953125 0.03984375
93 0.534375 0.14921875 0.0734375 0.03828125
1 0.45 0.0640625 0.06328125 0.071875
88 0.5421875 0.0453125 0.0609375 0.08671875
51 0.8453125 0.08125 0.1546875 0.134375
36 0.20703125 0.25390625 0.11875 0.10625
49 0.359375 0.25546875 0.14296875 0.11171875
61 0.65546875 0.23515625 0.14140625 0.12890625
67 0.8109375 0.23515625 0.12265625 0.1265625
18 0.1890625 0.5125 0.0734375 0.1078125
99 0.3796875 0.515625 0.06484375 0.10859375
37 0.30625 0.3953125 0.07109375 0.103125
56 0.38515625 0.3984375 0.06328125 0.0859375
73 0.18046875 0.3953125 0.06640625 0.10625
52 0.2375 0.3859375 0.0609375 0.10546875
58 0.4625 0.38359375 0.06484375 0.1203125
60 0.5328125 0.38359375 0.0796875 0.12265625
69 0.253125 0.5140625 0.0609375 0.103125
89 0.3359375 0.50859375 0.04609375 0.10859375
15 0.46015625 0.51875 0.08125 0.1125
20 0.615625 0.525 0.0625 0.1
20 0.5484375 0.5171875 0.075 0.1078125
22 0.7625 0.52421875 0.08125 0.1171875
22 0.6875 0.525 0.075 0.12265625
28 0.85625 0.51953125 0.08671875 0.08984375
79 0.47109375 0.646875 0.07109375 0.0984375
79 0.3359375 0.64296875 0.06953125 0.103125
79 0.26875 0.6421875 0.0796875 0.0953125
79 0.2078125 0.63359375 0.06796875 0.10390625
80 0.4 0.64921875 0.07109375 0.09765625
24 0.5421875 0.65078125 0.06796875 0.10078125
40 0.61015625 0.659375 0.07109375 0.11484375
95 0.6859375 0.659375 0.07265625 0.10390625
21 0.76875 0.675 0.08828125 0.10859375
0 0.84609375 0.6765625 0.08984375 0.12265625
25 0.2703125 0.784375 0.08671875 0.13203125
25 0.19921875 0.77734375 0.0734375 0.13125
27 0.33203125 0.79140625 0.08515625 0.13359375
35 0.40078125 0.8 0.08984375 0.1375
41 0.46796875 0.80390625 0.0828125 0.1453125
39 0.5296875 0.81171875 0.08125 0.15
106 0.6796875 0.8265625 0.08125 0.14453125
100 0.75703125 0.83515625 0.0828125 0.15859375
101 0.8359375 0.8390625 0.08671875 0.153125
78 0.6046875 0.81953125 0.078125 0.14453125