112 0.19765625 0.2515625 0.09375 0.08828125
111 0.30625 0.25390625 0.1203125 0.10703125
56 0.51171875 0.28125 0.04296875 0.07109375
56 0.57578125 0.28125 0.05859375 0.06484375
49 0.30859375 0.3578125 0.11328125 0.09140625
61 0.5359375 0.3640625 0.09453125 0.08515625
67 0.63359375 0.3703125 0.0859375 0.07890625
52 0.2109375 0.471875 0.05 0.09375
56 0.35234375 0.4828125 0.04296875 0.06015625
58 0.40078125 0.46484375 0.05859375 0.0890625
60 0.45859375 0.4671875 0.06328125 0.08828125
69 0.2296875 0.58671875 0.05625 0.1015625
89 0.2984375 0.57578125 0.04453125 0.09453125
99 0.334375 0.57421875 0.053125 0.09140625
15 0.39921875 0.5703125 0.0734375 0.0859375
20 0.4515625 0.56640625 0.0578125 0.0875
20 0.49921875 0.56171875 0.06640625 0.0734375
22 0.5546875 0.56015625 0.04296875 0.07421875
22 0.60546875 0.5625 0.0578125 0.07421875
28 0.6578125 0.55546875 0.0390625 0.06875
79 0.22578125 0.69296875 0.0546875 0.09453125
80 0.3359375 0.6765625 0.053125 0.090625
79 0.38671875 0.6703125 0.071875 0.08046875
24 0.44296875 0.665625 0.0546875 0.08515625
25 0.23359375 0.82265625 0.06484375 0.1296875
27 0.2859375 0.8078125 0.06875 0.11328125
35 0.340625 0.8 0.071875 0.1171875
41 0.39296875 0.79609375 0.08203125 0.10703125
39 0.446875 0.784375 0.06640625 0.09921875
78 0.49375 0.77890625 0.07578125 0.1
106 0.54375 0.7734375 0.0671875 0.10234375
100 0.5875 0.7625 0.06484375 0.09609375
101 0.6328125 0.75859375 0.075 0.1046875
1 0.41484375 0.21953125 0.04375 0.053125
87 0.47421875 0.22421875 0.05 0.0625
13 0.425 0.3734375 0.08203125 0.07578125
36 0.1953125 0.35546875 0.07734375 0.08984375
37 0.2859375 0.46796875 0.06328125 0.08046875
51 0.63984375 0.27109375 0.07890625 0.08828125
40 0.49609375 0.659375 0.0546875 0.07109375
96 0.55234375 0.6609375 0.05625 0.07578125
21 0.6 0.6546875 0.0484375 0.0671875
0 0.653125 0.6578125 0.0515625 0.07265625