18 0.215625 0.334375 0.0953125 0.1515625
99 0.49765625 0.3296875 0.07265625 0.15703125
37 0.3953125 0.14140625 0.12265625 0.1515625
56 0.51640625 0.1546875 0.0921875 0.1234375
60 0.725 0.153125 0.0984375 0.165625
52 0.28359375 0.1453125 0.0859375 0.16015625
73 0.2 0.15 0.07421875 0.1515625
58 0.61328125 0.1328125 0.0890625 0.17578125
69 0.3 0.3328125 0.06171875 0.1578125
89 0.4375 0.334375 0.07421875 0.15390625
15 0.609375 0.328125 0.1 0.15625
20 0.69609375 0.32578125 0.0859375 0.13828125
20 0.78359375 0.3234375 0.103125 0.13828125
22 0.8890625 0.32734375 0.06640625 0.1375
22 0.96953125 0.31875 0.0609375 0.13359375
79 0.2453125 0.5078125 0.0921875 0.125
79 0.33203125 0.5078125 0.08046875 0.1328125
79 0.421875 0.50390625 0.08828125 0.1234375
79 0.603125 0.4984375 0.0875 0.13515625
79 0.515625 0.4953125 0.07578125 0.11953125
24 0.68671875 0.49140625 0.0640625 0.128125
40 0.771875 0.49140625 0.1015625 0.1359375
95 0.85703125 0.49765625 0.08515625 0.13046875
21 0.95859375 0.49609375 0.08203125 0.13203125
25 0.2625 0.678125 0.0953125 0.15859375
25 0.35 0.67890625 0.08046875 0.15546875
25 0.43359375 0.67734375 0.08125 0.15234375
35 0.52109375 0.6734375 0.0890625 0.1546875
41 0.59765625 0.67578125 0.09375 0.15859375
39 0.6734375 0.67421875 0.0890625 0.1671875
78 0.75 0.66640625 0.1 0.1484375
106 0.82734375 0.6671875 0.10625 0.1578125
100 0.90390625 0.6640625 0.10859375 0.14453125