112 0.29375 0.1703125 0.11328125 0.090625
111 0.415625 0.16875 0.10859375 0.0953125
56 0.62421875 0.18515625 0.03359375 0.07578125
56 0.709375 0.18671875 0.03046875 0.071875
49 0.4140625 0.278125 0.12109375 0.0953125
61 0.653125 0.27890625 0.103125 0.09296875
67 0.75859375 0.2796875 0.08359375 0.08203125
73 0.275 0.38984375 0.0484375 0.08046875
52 0.32265625 0.38359375 0.05625 0.08828125
56 0.45078125 0.38984375 0.0515625 0.06953125
58 0.49765625 0.3796875 0.0546875 0.08828125
60 0.5671875 0.38203125 0.07265625 0.09765625
18 0.2796875 0.48671875 0.0578125 0.090625
69 0.3375 0.4859375 0.05859375 0.0859375
89 0.40234375 0.484375 0.0546875 0.08828125
99 0.44375 0.48359375 0.046875 0.0875
15 0.50703125 0.48203125 0.06484375 0.08828125
20 0.55703125 0.47734375 0.04375 0.08203125
20 0.60234375 0.4734375 0.06484375 0.07734375
22 0.66875 0.47890625 0.05 0.08125
22 0.72578125 0.4765625 0.0546875 0.0796875
28 0.78046875 0.47421875 0.0359375 0.0609375
79 0.28359375 0.58984375 0.04375 0.0796875
79 0.33828125 0.58984375 0.0546875 0.07734375
79 0.39609375 0.58359375 0.0609375 0.07578125
80 0.4515625 0.5734375 0.040625 0.07421875
79 0.50234375 0.57265625 0.0546875 0.07578125
24 0.55 0.5703125 0.0453125 0.07109375
25 0.2921875 0.6984375 0.053125 0.103125
25 0.34765625 0.69296875 0.0546875 0.1
27 0.396875 0.69453125 0.059375 0.09765625
35 0.4484375 0.68671875 0.05 0.0984375
41 0.50234375 0.6859375 0.053125 0.0984375
39 0.5515625 0.68359375 0.0546875 0.10546875
78 0.59765625 0.67578125 0.059375 0.0953125
106 0.6453125 0.671875 0.0546875 0.09453125
100 0.696875 0.67109375 0.06015625 0.0921875
101 0.7421875 0.66875 0.0546875 0.0921875
1 0.521875 0.13359375 0.0421875 0.05234375
87 0.58125 0.1296875 0.046875 0.065625
94 0.50703125 0.20390625 0.06171875 0.03671875
92 0.571875 0.20546875 0.0578125 0.034375
11 0.5328125 0.28671875 0.0953125 0.07578125
36 0.290625 0.278125 0.11328125 0.09296875
37 0.39296875 0.3875 0.06015625 0.0828125
40 0.60234375 0.565625 0.05546875 0.07109375
96 0.6578125 0.5703125 0.0453125 0.07265625
51 0.77265625 0.1765625 0.09765625 0.090625