18 0.42890625 0.421875 0.05390625 0.0984375
56 0.3625 0.434375 0.05625 0.08046875
89 0.5515625 0.2875 0.05078125 0.07578125
79 0.37109375 0.7234375 0.05078125 0.08671875
79 0.434375 0.72265625 0.04765625 0.09765625
80 0.3140625 0.728125 0.05234375 0.08671875
25 0.3859375 0.85 0.06484375 0.11640625
35 0.55078125 0.83359375 0.05390625 0.1203125
41 0.54375 0.6984375 0.04921875 0.13046875
39 0.59609375 0.68984375 0.0609375 0.1203125
100 0.3703125 0.55625 0.06328125 0.128125
100 0.30234375 0.56015625 0.07265625 0.13125
34 0.48515625 0.553125 0.05625 0.128125