3 0.71484375 0.23828125 0.0546875 0.0875
73 0.63671875 0.23984375 0.0609375 0.0953125
10 0.53515625 0.24140625 0.09296875 0.08125
66 0.41875 0.24453125 0.05078125 0.07265625
66 0.36171875 0.2421875 0.06953125 0.0828125
114 0.24453125 0.228125 0.12421875 0.1109375
67 0.43046875 0.38828125 0.06796875 0.0875
18 0.365625 0.37890625 0.07109375 0.0984375
56 0.28828125 0.39296875 0.0625 0.084375
74 0.23359375 0.3859375 0.05625 0.08671875
34 0.4375 0.52890625 0.06484375 0.13125
101 0.378125 0.53203125 0.06796875 0.1265625
100 0.31171875 0.53046875 0.0765625 0.134375
100 0.2390625 0.53125 0.07109375 0.13359375
79 0.68203125 0.6984375 0.04765625 0.0859375
79 0.62109375 0.6984375 0.05390625 0.0828125
79 0.56171875 0.70234375 0.04921875 0.0890625
82 0.503125 0.684375 0.06484375 0.1359375
39 0.44375 0.6828125 0.05625 0.13203125
39 0.3828125 0.68359375 0.06484375 0.134375
41 0.31796875 0.68359375 0.0609375 0.13203125
41 0.25390625 0.6859375 0.06796875 0.13359375
84 0.675 0.82421875 0.05390625 0.12265625
35 0.61875 0.8265625 0.0625 0.1203125
75 0.559375 0.8265625 0.05390625 0.121875
63 0.5046875 0.828125 0.0546875 0.1171875
27 0.44296875 0.82890625 0.0546875 0.11953125
27 0.384375 0.8265625 0.059375 0.11484375
25 0.3203125 0.828125 0.05625 0.1171875
25 0.26875 0.8265625 0.07109375 0.1171875