55 0.08515625 0.1234375 0.075 0.09453125
74 0.16328125 0.1125 0.08125 0.109375
56 0.2609375 0.11640625 0.06796875 0.10390625
37 0.3421875 0.103125 0.09375 0.1234375
64 0.43359375 0.0984375 0.0828125 0.125
66 0.51328125 0.1046875 0.078125 0.1140625
67 0.62109375 0.09453125 0.09140625 0.11953125
18 0.7203125 0.090625 0.0984375 0.13359375
98 0.83125 0.08671875 0.10859375 0.1171875
57 0.93515625 0.08125 0.10546875 0.128125
4 0.87421875 0.33046875 0.09375 0.11171875
71 0.74296875 0.321875 0.1578125 0.1171875
53 0.565625 0.31484375 0.075 0.13203125
32 0.4796875 0.321875 0.096875 0.10859375
114 0.33984375 0.30859375 0.1390625 0.13359375
112 0.1609375 0.30625 0.1390625 0.1375
79 0.15234375 0.49296875 0.0625 0.10390625
79 0.22734375 0.49609375 0.08984375 0.09453125
79 0.29921875 0.5015625 0.078125 0.1
79 0.37421875 0.50859375 0.0734375 0.0921875
80 0.44296875 0.50859375 0.0609375 0.1078125
77 0.51875 0.51484375 0.0796875 0.0921875
76 0.5921875 0.51640625 0.07109375 0.09140625
28 0.690625 0.521875 0.1 0.0953125
104 0.77421875 0.49296875 0.0984375 0.18046875
105 0.8765625 0.50078125 0.10390625 0.18125
27 0.84140625 0.70703125 0.1 0.159375
38 0.7546875 0.7015625 0.08828125 0.14453125
38 0.678125 0.68828125 0.09375 0.14453125
34 0.59453125 0.6828125 0.09296875 0.1484375
109 0.52265625 0.6734375 0.09296875 0.14453125
68 0.44140625 0.6703125 0.08671875 0.13984375
78 0.36953125 0.6671875 0.09140625 0.1453125
78 0.29921875 0.659375 0.08671875 0.13671875
78 0.23671875 0.65390625 0.1 0.13359375
78 0.16953125 0.6453125 0.08984375 0.12890625
27 0.82265625 0.8828125 0.0765625 0.11640625
27 0.66171875 0.8703125 0.09140625 0.1390625
27 0.584375 0.865625 0.08125 0.12578125
27 0.509375 0.85390625 0.078125 0.11484375
25 0.44140625 0.840625 0.075 0.1171875
25 0.36640625 0.83828125 0.0765625 0.1203125
25 0.30625 0.8265625 0.06796875 0.103125
25 0.24296875 0.81953125 0.075 0.11171875
25 0.178125 0.8046875 0.08359375 0.1078125