112 0.20625 0.15234375 0.159375 0.11953125
111 0.34609375 0.15390625 0.1453125 0.12578125
56 0.6171875 0.18046875 0.05 0.08828125
56 0.70703125 0.18828125 0.06640625 0.09375
49 0.36484375 0.28984375 0.1421875 0.12421875
61 0.63515625 0.2953125 0.10625 0.10859375
67 0.76171875 0.3 0.09765625 0.103125
73 0.17421875 0.42890625 0.07734375 0.1078125
52 0.24375 0.421875 0.06484375 0.10859375
56 0.40078125 0.43125 0.0703125 0.08203125
58 0.4734375 0.41875 0.05859375 0.11328125
60 0.5359375 0.4203125 0.071875 0.11015625
18 0.17734375 0.5546875 0.0734375 0.115625
69 0.25859375 0.5515625 0.06328125 0.11015625
89 0.334375 0.546875 0.05859375 0.10703125
99 0.38359375 0.546875 0.06015625 0.103125
15 0.4609375 0.5421875 0.0734375 0.1015625
20 0.51484375 0.53125 0.0546875 0.0875
20 0.58125 0.534375 0.07578125 0.0984375
22 0.6609375 0.53515625 0.06015625 0.0984375
22 0.7171875 0.5328125 0.06875 0.096875
28 0.78515625 0.53125 0.04921875 0.0859375
79 0.18671875 0.6796875 0.0671875 0.09375
79 0.25625 0.66796875 0.0578125 0.09453125
79 0.328125 0.66484375 0.075 0.090625
80 0.3875 0.6609375 0.05859375 0.09375
79 0.4515625 0.65625 0.071875 0.0828125
24 0.5140625 0.65234375 0.053125 0.0890625
25 0.1921875 0.81875 0.05859375 0.121875
25 0.25859375 0.81171875 0.075 0.12265625
27 0.325 0.8109375 0.075 0.125
35 0.38984375 0.79765625 0.071875 0.1203125
78 0.56328125 0.77578125 0.07734375 0.1140625
106 0.61796875 0.76953125 0.071875 0.11171875
100 0.6765625 0.76796875 0.07890625 0.1171875
101 0.72265625 0.75546875 0.06875 0.1078125
1 0.4921875 0.11015625 0.05859375 0.06328125
87 0.5703125 0.1140625 0.0546875 0.0828125
94 0.48515625 0.203125 0.06640625 0.040625
92 0.55703125 0.20703125 0.06484375 0.0375
36 0.19296875 0.284375 0.12578125 0.1171875
37 0.325 0.425 0.08125 0.096875
50 0.78125 0.178125 0.0921875 0.11796875
40 0.5828125 0.64609375 0.05859375 0.0875
96 0.63046875 0.64453125 0.0515625 0.0859375
21 0.70625 0.6484375 0.0515625 0.0859375
11 0.51875 0.3109375 0.103125 0.08203125