112 0.23671875 0.265625 0.1 0.078125
111 0.3546875 0.2609375 0.115625 0.08984375
94 0.4484375 0.29296875 0.0578125 0.0328125
93 0.51875 0.290625 0.05625 0.025
1 0.45 0.21796875 0.0578125 0.05
88 0.52421875 0.21484375 0.0625 0.06953125
51 0.73828125 0.259375 0.1140625 0.10390625
36 0.2359375 0.36484375 0.08359375 0.0921875
49 0.35859375 0.3671875 0.1125 0.08984375
61 0.61171875 0.36953125 0.11015625 0.0921875
67 0.73828125 0.3703125 0.096875 0.0921875
99 0.3765625 0.5921875 0.059375 0.1
37 0.31171875 0.48515625 0.0734375 0.084375
56 0.37890625 0.4890625 0.0609375 0.07890625
52 0.2421875 0.47890625 0.0625 0.0984375
58 0.45 0.48046875 0.05234375 0.10390625
60 0.5140625 0.48515625 0.06796875 0.09765625
69 0.25390625 0.58984375 0.0625 0.0921875
89 0.3359375 0.5921875 0.04375 0.08984375
15 0.44765625 0.5953125 0.07109375 0.1
20 0.5703125 0.5890625 0.0578125 0.0828125
20 0.51171875 0.58828125 0.059375 0.0921875
22 0.70546875 0.59296875 0.07109375 0.09453125
22 0.63984375 0.59609375 0.06953125 0.0875
28 0.7734375 0.5875 0.059375 0.07734375
79 0.44375 0.70234375 0.0625 0.0921875
79 0.31953125 0.70546875 0.0578125 0.08984375
79 0.25 0.70390625 0.07265625 0.0875
80 0.38203125 0.70078125 0.06328125 0.09296875
24 0.5015625 0.703125 0.06796875 0.09296875
40 0.56796875 0.70078125 0.05390625 0.0921875
95 0.62890625 0.709375 0.0625 0.09765625
21 0.696875 0.7109375 0.06796875 0.08984375
0 0.75546875 0.71171875 0.0609375 0.09140625
25 0.25859375 0.83203125 0.06484375 0.1203125
25 0.1875 0.8359375 0.0734375 0.1265625
27 0.31484375 0.83515625 0.0734375 0.11953125
35 0.37734375 0.83359375 0.078125 0.1234375
41 0.44609375 0.83515625 0.0625 0.128125
39 0.5046875 0.83828125 0.0609375 0.1265625
106 0.6265625 0.8359375 0.0546875 0.125
100 0.6890625 0.8390625 0.07109375 0.12265625
101 0.74453125 0.83984375 0.06484375 0.121875
78 0.56796875 0.83515625 0.0625 0.121875