94 0.4375 0.16796875 0.07109375 0.04140625
93 0.53203125 0.165625 0.06640625 0.04140625
1 0.440625 0.071875 0.0734375 0.08671875
88 0.53828125 0.06015625 0.06953125 0.07890625
51 0.83203125 0.109375 0.14453125 0.1265625
36 0.17421875 0.2734375 0.1203125 0.1109375
49 0.32734375 0.27734375 0.14140625 0.11796875
61 0.65859375 0.26640625 0.14765625 0.1203125
67 0.825 0.2640625 0.12734375 0.1203125
18 0.1515625 0.546875 0.06796875 0.128125
99 0.35703125 0.553125 0.07265625 0.12890625
37 0.2921875 0.42109375 0.07265625 0.10390625
56 0.36640625 0.42578125 0.059375 0.09453125
73 0.140625 0.42109375 0.06953125 0.10859375
52 0.209375 0.41953125 0.0765625 0.10546875
58 0.4578125 0.4078125 0.06796875 0.1234375
60 0.53125 0.421875 0.075 0.11171875
69 0.215625 0.55390625 0.075 0.1140625
89 0.3046875 0.55 0.04453125 0.11484375
15 0.45625 0.55859375 0.09140625 0.128125
20 0.61328125 0.5609375 0.075 0.1171875
20 0.53671875 0.553125 0.08671875 0.1203125
22 0.7875 0.565625 0.09375 0.13359375
22 0.69296875 0.565625 0.0984375 0.13359375
28 0.88359375 0.56171875 0.0828125 0.1078125
79 0.45390625 0.696875 0.06953125 0.1140625
79 0.30859375 0.6953125 0.0734375 0.10625
79 0.22890625 0.69765625 0.1015625 0.10859375
79 0.15703125 0.6890625 0.0796875 0.10390625
80 0.37734375 0.69921875 0.078125 0.10546875
24 0.5296875 0.70546875 0.09296875 0.1234375
40 0.61484375 0.7078125 0.06640625 0.1171875
95 0.69375 0.71640625 0.08515625 0.11796875
21 0.78359375 0.7203125 0.0796875 0.13203125
0 0.86953125 0.73046875 0.08671875 0.1359375
25 0.23671875 0.84765625 0.1 0.14765625
25 0.16171875 0.84765625 0.0984375 0.1375
27 0.31015625 0.8640625 0.08828125 0.1515625
35 0.37890625 0.86875 0.11015625 0.16171875
41 0.45703125 0.87578125 0.08984375 0.1625
39 0.521875 0.88046875 0.096875 0.16171875
106 0.68828125 0.89921875 0.09375 0.1734375
100 0.775 0.8984375 0.08828125 0.16484375
101 0.86015625 0.90625 0.09140625 0.1765625
78 0.6078125 0.8875 0.08984375 0.1625