112 0.2453125 0.25546875 0.1140625 0.10546875
97 0.403125 0.24140625 0.0828125 0.1265625
73 0.62578125 0.25390625 0.0765625 0.09140625
3 0.7 0.25390625 0.075 0.08671875
89 0.7 0.403125 0.0609375 0.0859375
98 0.63046875 0.40625 0.06953125 0.08984375
52 0.49296875 0.4 0.06796875 0.09765625
67 0.41484375 0.403125 0.0828125 0.08984375
18 0.346875 0.396875 0.06328125 0.1078125
56 0.2828125 0.40546875 0.059375 0.08671875
74 0.21953125 0.40234375 0.06640625 0.08671875
43 0.6921875 0.54453125 0.0734375 0.13046875
109 0.62265625 0.5390625 0.07109375 0.13671875
109 0.56171875 0.53828125 0.0734375 0.1390625
102 0.4953125 0.53984375 0.0796875 0.1359375
34 0.42578125 0.5375 0.0796875 0.13203125
101 0.3640625 0.53671875 0.0796875 0.12890625
100 0.2984375 0.53671875 0.08828125 0.13125
100 0.23984375 0.53359375 0.08125 0.125
79 0.690625 0.72578125 0.059375 0.09765625
79 0.6203125 0.725 0.06953125 0.096875
79 0.5609375 0.725 0.06484375 0.09296875
82 0.503125 0.69609375 0.06796875 0.13984375
39 0.43515625 0.6953125 0.078125 0.1375
39 0.37109375 0.68984375 0.08515625 0.1375
41 0.31015625 0.69140625 0.0828125 0.13203125
41 0.25546875 0.69140625 0.0796875 0.125
35 0.6203125 0.8640625 0.06953125 0.12578125
75 0.55625 0.853125 0.07109375 0.12265625
63 0.5015625 0.8484375 0.07109375 0.11953125
27 0.4375 0.84921875 0.06484375 0.11796875
27 0.3796875 0.84375 0.06484375 0.11640625
25 0.31953125 0.8421875 0.06953125 0.1140625
25 0.26328125 0.83671875 0.06328125 0.121875
10 0.52578125 0.25703125 0.10234375 0.084375
84 0.6828125 0.86328125 0.06328125 0.13359375