112 0.17265625 0.4140625 0.12734375 0.09765625
111 0.30234375 0.40546875 0.1328125 0.1140625
50 0.759375 0.40546875 0.12109375 0.13046875
36 0.17734375 0.52578125 0.1078125 0.09453125
49 0.31015625 0.53671875 0.11796875 0.1078125
61 0.58828125 0.53984375 0.12109375 0.1046875
67 0.75546875 0.5421875 0.11953125 0.10859375
18 0.15625 0.7546875 0.05859375 0.10234375
99 0.34765625 0.7671875 0.0515625 0.10234375
37 0.27890625 0.65546875 0.06484375 0.08828125
56 0.55078125 0.43125 0.07109375 0.09296875
56 0.665625 0.425 0.06328125 0.1125
56 0.35 0.66328125 0.06484375 0.0875
60 0.4859375 0.6578125 0.07421875 0.11328125
52 0.20859375 0.640625 0.0515625 0.0984375
93 0.48671875 0.45 0.0578125 0.0421875
1 0.41171875 0.37109375 0.06171875 0.0609375
88 0.49375 0.3703125 0.059375 0.0671875
73 0.15546875 0.6390625 0.0484375 0.090625
58 0.41171875 0.653125 0.0515625 0.11015625
69 0.225 0.7625 0.06953125 0.09609375
89 0.29765625 0.765625 0.0390625 0.10859375
15 0.425 0.775 0.06328125 0.103125
20 0.49375 0.7671875 0.06171875 0.07734375
20 0.56484375 0.775 0.05859375 0.0875
22 0.63203125 0.7890625 0.07578125 0.0984375
22 0.70234375 0.7953125 0.06484375 0.1046875
28 0.778125 0.79921875 0.07109375 0.09453125
79 0.43515625 0.88671875 0.0609375 0.078125
79 0.31171875 0.87265625 0.0578125 0.07578125
79 0.1875 0.8625 0.06015625 0.0828125
79 0.36875 0.8796875 0.0578125 0.07578125
24 0.496875 0.89296875 0.06796875 0.0875
40 0.56484375 0.8984375 0.06484375 0.09765625
95 0.63515625 0.9046875 0.07890625 0.090625
0 0.76875 0.93359375 0.07734375 0.1203125