112 0.25859375 0.33359375 0.11015625 0.0921875
111 0.38125 0.33046875 0.11171875 0.1078125
94 0.48046875 0.36484375 0.05234375 0.03125
93 0.54609375 0.365625 0.059375 0.034375
1 0.475 0.2890625 0.05625 0.05078125
88 0.55625 0.28671875 0.05390625 0.04453125
50 0.7859375 0.32421875 0.11171875 0.10859375
36 0.259375 0.440625 0.096875 0.0953125
49 0.38203125 0.44453125 0.10390625 0.08984375
61 0.65390625 0.4421875 0.12421875 0.0984375
67 0.775 0.44296875 0.09375 0.096875
99 0.41796875 0.6515625 0.040625 0.08359375
37 0.36015625 0.54921875 0.06640625 0.08984375
56 0.421875 0.55859375 0.05625 0.07265625
53 0.29375 0.54765625 0.0609375 0.08984375
58 0.496875 0.54921875 0.05078125 0.09296875
60 0.546875 0.55390625 0.0609375 0.09453125
69 0.3046875 0.64921875 0.05390625 0.08359375
89 0.375 0.6515625 0.040625 0.0859375
15 0.4921875 0.65546875 0.07265625 0.09296875
20 0.60625 0.6546875 0.0578125 0.07890625
20 0.5484375 0.65078125 0.06640625 0.0828125
22 0.66875 0.65703125 0.0734375 0.0859375
22 0.74296875 0.66015625 0.08515625 0.0875
28 0.8078125 0.65625 0.059375 0.05859375
79 0.48359375 0.7484375 0.0609375 0.07265625
79 0.36875 0.74921875 0.0546875 0.07734375
79 0.31171875 0.74296875 0.0625 0.0859375
79 0.26796875 0.74453125 0.03203125 0.0703125
80 0.43203125 0.7453125 0.05625 0.0671875
24 0.5515625 0.7515625 0.06640625 0.06953125
40 0.60546875 0.7515625 0.05625 0.0703125
21 0.734375 0.7625 0.05390625 0.08046875
25 0.26484375 0.85625 0.0609375 0.1
27 0.321875 0.85625 0.07109375 0.0953125
86 0.43515625 0.865625 0.06640625 0.1078125
41 0.49375 0.8671875 0.05390625 0.10625
39 0.5453125 0.86953125 0.0578125 0.1078125
100 0.715625 0.86953125 0.05390625 0.096875
72 0.37578125 0.8578125 0.0546875 0.096875
48 0.6640625 0.7609375 0.06328125 0.08671875
34 0.79453125 0.76171875 0.06953125 0.09296875
78 0.6046875 0.8703125 0.0578125 0.10625