18 0.175 0.1765625 0.0625 0.18515625
99 0.37109375 0.18515625 0.0546875 0.19140625
69 0.24765625 0.1859375 0.0765625 0.18671875
89 0.32578125 0.18515625 0.04765625 0.1828125
15 0.440625 0.18671875 0.0625 0.20234375
20 0.50703125 0.1921875 0.05703125 0.159375
20 0.57109375 0.1984375 0.06015625 0.15546875
22 0.6390625 0.19296875 0.05625 0.175
22 0.70078125 0.19296875 0.05625 0.17265625
28 0.7734375 0.1921875 0.06171875 0.159375
79 0.20625 0.39609375 0.0484375 0.14765625
79 0.265625 0.39375 0.05703125 0.15546875
79 0.32734375 0.39921875 0.053125 0.1453125
79 0.44609375 0.38671875 0.05390625 0.1578125
79 0.3859375 0.40390625 0.06015625 0.146875
24 0.5046875 0.3984375 0.0515625 0.1578125
40 0.56484375 0.396875 0.0625 0.1609375
95 0.6234375 0.3890625 0.04921875 0.1390625
21 0.6875 0.4078125 0.04609375 0.15625
0 0.7484375 0.41484375 0.0625 0.1390625
25 0.2203125 0.60546875 0.0625 0.18125
25 0.2734375 0.603125 0.0546875 0.18515625
25 0.33515625 0.6 0.05625 0.1796875
35 0.38984375 0.60859375 0.059375 0.18515625
41 0.44609375 0.61171875 0.06171875 0.196875
39 0.5 0.6125 0.059375 0.1953125
78 0.55546875 0.61171875 0.06484375 0.196875
106 0.60546875 0.609375 0.06328125 0.20078125
100 0.66328125 0.6125 0.0625 0.1953125
101 0.72109375 0.61328125 0.0578125 0.18515625