112 0.25625 0.23125 0.0984375 0.084375
111 0.365625 0.23359375 0.1171875 0.0875
94 0.4515625 0.26171875 0.0546875 0.028125
93 0.5125 0.26328125 0.0625 0.0359375
88 0.5265625 0.190625 0.05234375 0.05546875
50 0.740625 0.23203125 0.1015625 0.103125
36 0.26484375 0.33125 0.078125 0.0828125
49 0.36640625 0.33359375 0.1015625 0.0859375
61 0.61328125 0.334375 0.1125 0.0921875
67 0.7296875 0.33828125 0.0796875 0.08125
99 0.39765625 0.5265625 0.0546875 0.08125
37 0.33984375 0.434375 0.0546875 0.0734375
56 0.4015625 0.4375 0.05078125 0.06875
53 0.2796875 0.43046875 0.04765625 0.07890625
58 0.453125 0.43515625 0.06640625 0.0890625
60 0.51484375 0.43671875 0.0609375 0.0875
69 0.2953125 0.52109375 0.0546875 0.078125
89 0.35859375 0.52265625 0.034375 0.07734375
15 0.45859375 0.5265625 0.06328125 0.08671875
20 0.559375 0.528125 0.0625 0.0703125
20 0.5140625 0.525 0.059375 0.07265625
22 0.67578125 0.53203125 0.06328125 0.0703125
22 0.6125 0.5328125 0.07109375 0.0890625
28 0.73984375 0.5328125 0.04765625 0.06328125
79 0.4578125 0.61875 0.04453125 0.071875
79 0.35859375 0.6109375 0.04375 0.06953125
79 0.29921875 0.615625 0.05234375 0.0703125
80 0.4109375 0.61171875 0.04921875 0.06484375
24 0.51015625 0.6171875 0.0625 0.07734375
40 0.56640625 0.6203125 0.04453125 0.06875
21 0.67578125 0.62421875 0.0546875 0.07265625
25 0.259375 0.7125 0.0625 0.09765625
27 0.30546875 0.71171875 0.0546875 0.08046875
86 0.40625 0.71796875 0.0609375 0.0921875
41 0.46171875 0.72109375 0.0546875 0.0921875
39 0.503125 0.7234375 0.0578125 0.0890625
72 0.3609375 0.7125 0.05078125 0.09140625
103 0.6125 0.72890625 0.059375 0.1
48 0.61171875 0.628125 0.06328125 0.07578125
34 0.72734375 0.6328125 0.06484375 0.0828125
78 0.559375 0.7265625 0.05390625 0.09453125
46 0.71484375 0.7328125 0.0546875 0.09296875
47 0.66328125 0.7328125 0.05078125 0.1