20 0.64296875 0.546875 0.05390625 0.09296875
20 0.58125 0.54765625 0.059375 0.09296875
20 0.5140625 0.546875 0.059375 0.09296875
79 0.38828125 0.371875 0.05390625 0.08671875
79 0.33359375 0.37578125 0.05078125 0.0890625
79 0.4578125 0.3734375 0.05390625 0.08984375
79 0.5171875 0.36875 0.04453125 0.08984375
79 0.578125 0.365625 0.059375 0.10234375
79 0.63125 0.36171875 0.0625 0.0984375
24 0.45234375 0.54453125 0.05390625 0.10078125
24 0.38984375 0.5453125 0.0625 0.096875
40 0.32890625 0.54609375 0.05625 0.0953125
25 0.51484375 0.86875 0.06328125 0.146875
25 0.45390625 0.87265625 0.06796875 0.15703125
25 0.38828125 0.8734375 0.06796875 0.1609375
27 0.5828125 0.878125 0.0609375 0.1609375
27 0.64921875 0.878125 0.06953125 0.16484375
35 0.3265625 0.87734375 0.0734375 0.16796875
41 0.45390625 0.69453125 0.0625 0.1453125
41 0.51875 0.6984375 0.0625 0.14296875
39 0.584375 0.696875 0.07265625 0.146875
39 0.64140625 0.70625 0.07109375 0.1515625
100 0.38515625 0.17109375 0.0609375 0.13203125
100 0.3265625 0.1765625 0.059375 0.121875
101 0.4484375 0.171875 0.0546875 0.125
101 0.50703125 0.1734375 0.06484375 0.1171875
101 0.57109375 0.1734375 0.0546875 0.1171875
101 0.63671875 0.1625 0.0609375 0.13203125