112 0.14140625 0.27265625 0.115625 0.11953125
111 0.30078125 0.271875 0.1359375 0.1203125
94 0.42265625 0.3140625 0.08671875 0.0421875
93 0.509375 0.31875 0.075 0.03984375
1 0.41953125 0.22109375 0.08671875 0.06953125
88 0.5203125 0.2171875 0.0625 0.0859375
51 0.76796875 0.278125 0.12734375 0.13046875
36 0.159375 0.415625 0.0953125 0.11953125
49 0.30078125 0.41640625 0.1390625 0.12578125
61 0.61953125 0.4125 0.121875 0.11484375
67 0.75390625 0.4109375 0.0984375 0.11171875
99 0.33671875 0.684375 0.0625 0.11953125
37 0.25859375 0.56015625 0.08984375 0.1125
56 0.34375 0.565625 0.06484375 0.096875
52 0.17109375 0.55546875 0.075 0.1171875
58 0.41484375 0.54296875 0.0609375 0.11171875
60 0.49453125 0.54609375 0.078125 0.1171875
69 0.18125 0.69609375 0.05390625 0.12265625
89 0.2859375 0.6859375 0.0359375 0.11953125
15 0.428125 0.67890625 0.06953125 0.109375
20 0.5671875 0.6640625 0.0546875 0.09140625
20 0.50234375 0.66640625 0.0609375 0.08984375
22 0.7109375 0.66015625 0.0765625 0.0984375
22 0.640625 0.66484375 0.06953125 0.10546875
28 0.78125 0.65234375 0.06328125 0.07890625
79 0.425 0.79609375 0.05078125 0.08984375
79 0.278125 0.809375 0.07109375 0.0953125
79 0.203125 0.815625 0.06796875 0.1
80 0.34921875 0.803125 0.07109375 0.09140625
24 0.49140625 0.7875 0.0625 0.09765625
40 0.56171875 0.784375 0.05625 0.08671875
95 0.625 0.78203125 0.06328125 0.0921875
21 0.70625 0.78359375 0.06640625 0.0953125
0 0.76875 0.7828125 0.07109375 0.10546875
25 0.20546875 0.94765625 0.075 0.103125
27 0.2828125 0.94296875 0.06796875 0.11328125
35 0.35625 0.93984375 0.07421875 0.11953125
41 0.4328125 0.93671875 0.06640625 0.12265625
39 0.48984375 0.93359375 0.059375 0.12890625
106 0.625 0.921875 0.06328125 0.1203125
100 0.68828125 0.91328125 0.07265625 0.1234375
101 0.75234375 0.90859375 0.08359375 0.1265625
78 0.55625 0.925 0.0796875 0.125