112 0.334375 0.3390625 0.11484375 0.09296875
111 0.46484375 0.33125 0.11640625 0.1046875
50 0.878125 0.31875 0.11484375 0.11796875
36 0.32890625 0.44453125 0.1078125 0.0859375
49 0.465625 0.44375 0.11171875 0.0921875
61 0.73515625 0.44140625 0.11171875 0.090625
67 0.88828125 0.43671875 0.0953125 0.08359375
18 0.32265625 0.659375 0.05859375 0.09296875
99 0.49375 0.6578125 0.046875 0.08828125
37 0.4421875 0.55703125 0.07109375 0.084375
56 0.515625 0.56171875 0.0484375 0.08046875
56 0.70078125 0.33671875 0.05 0.084375
56 0.8015625 0.33828125 0.05078125 0.0859375
60 0.63671875 0.553125 0.06328125 0.1046875
52 0.371875 0.5515625 0.0578125 0.0890625
93 0.64609375 0.3671875 0.06484375 0.0359375
1 0.58125 0.28984375 0.053125 0.05546875
94 0.5765625 0.3671875 0.05625 0.0296875
88 0.65078125 0.2890625 0.046875 0.05
73 0.3203125 0.55546875 0.0515625 0.08046875
58 0.56953125 0.5515625 0.05546875 0.09453125
69 0.37421875 0.6578125 0.040625 0.09296875
89 0.45546875 0.65390625 0.040625 0.0875
15 0.57578125 0.653125 0.0578125 0.08359375
20 0.628125 0.65078125 0.05625 0.078125
20 0.68671875 0.65078125 0.0578125 0.07578125
22 0.7484375 0.65234375 0.06015625 0.0859375
22 0.8171875 0.65078125 0.06484375 0.084375
28 0.884375 0.646875 0.0546875 0.07578125
79 0.32578125 0.76640625 0.06484375 0.090625
79 0.3890625 0.7578125 0.05625 0.08203125
79 0.44765625 0.7578125 0.0546875 0.0796875
79 0.565625 0.75625 0.0578125 0.0828125
79 0.5046875 0.7546875 0.0578125 0.078125
24 0.61953125 0.75 0.0578125 0.08046875
40 0.684375 0.75 0.06796875 0.078125
95 0.73984375 0.75390625 0.053125 0.0828125
21 0.81015625 0.75546875 0.053125 0.0796875
0 0.86640625 0.75625 0.0578125 0.0828125
25 0.33359375 0.87578125 0.06484375 0.10234375
25 0.39453125 0.87421875 0.06015625 0.09765625
25 0.453125 0.87265625 0.06171875 0.1
35 0.5078125 0.87265625 0.06953125 0.10703125
41 0.56875 0.87265625 0.0609375 0.10859375
39 0.6203125 0.86796875 0.06328125 0.1078125
78 0.675 0.8703125 0.07734375 0.10234375
106 0.7296875 0.86796875 0.06484375 0.10546875
100 0.790625 0.86640625 0.06640625 0.10078125
101 0.84921875 0.86171875 0.06171875 0.0984375