112 0.2875 0.18203125 0.0984375 0.15390625
111 0.40078125 0.16875 0.09453125 0.18828125
50 0.7859375 0.178125 0.11015625 0.16640625
36 0.2828125 0.36015625 0.0890625 0.1421875
49 0.403125 0.36640625 0.1078125 0.1578125
61 0.64375 0.36484375 0.09609375 0.14921875
67 0.77578125 0.36171875 0.0859375 0.1625
18 0.284375 0.6890625 0.0515625 0.13046875
99 0.4421875 0.69453125 0.03984375 0.140625
37 0.3859375 0.5390625 0.06015625 0.13203125
56 0.6140625 0.19765625 0.03203125 0.13046875
56 0.703125 0.18984375 0.04296875 0.13828125
56 0.44375 0.546875 0.04609375 0.11328125
60 0.5609375 0.5359375 0.059375 0.15546875
52 0.321875 0.5265625 0.0375 0.1421875
93 0.5609375 0.23671875 0.05703125 0.06484375
1 0.50078125 0.11015625 0.0484375 0.09375
94 0.4953125 0.23671875 0.05078125 0.06171875
88 0.571875 0.11015625 0.0421875 0.0875
73 0.28125 0.54375 0.03984375 0.13515625
58 0.5046875 0.53203125 0.040625 0.15234375
69 0.33984375 0.69375 0.04765625 0.128125
89 0.40859375 0.69453125 0.02578125 0.13828125
15 0.503125 0.6953125 0.04453125 0.128125
20 0.55625 0.68828125 0.0453125 0.1234375
20 0.6078125 0.68828125 0.0515625 0.11171875
22 0.67109375 0.7 0.0484375 0.1296875
22 0.721875 0.6984375 0.0515625 0.13203125
28 0.7796875 0.6953125 0.0484375 0.11640625
79 0.3 0.8328125 0.0375 0.11640625
79 0.3484375 0.83828125 0.0515625 0.121875
79 0.4015625 0.8359375 0.0421875 0.11328125
79 0.503125 0.83671875 0.04296875 0.11796875
79 0.4515625 0.834375 0.0484375 0.09921875
24 0.55 0.83671875 0.0484375 0.109375
40 0.60625 0.8390625 0.0484375 0.10625
95 0.6546875 0.85546875 0.0515625 0.13515625
21 0.7078125 0.85 0.06015625 0.125
0 0.7640625 0.85625 0.0546875 0.13828125