90 0.7359375 0.2125 0.04453125 0.07265625
60 0.66640625 0.196875 0.05078125 0.09453125
66 0.4640625 0.203125 0.04765625 0.0703125
64 0.39296875 0.19375 0.059375 0.0921875
114 0.2765625 0.18046875 0.1359375 0.11484375
89 0.721875 0.35390625 0.04375 0.071875
98 0.6640625 0.346875 0.0546875 0.07578125
32 0.5984375 0.346875 0.059375 0.0875
62 0.528125 0.34375 0.05234375 0.08671875
67 0.45703125 0.346875 0.06953125 0.07890625
18 0.38984375 0.33984375 0.06484375 0.10234375
56 0.3203125 0.34609375 0.059375 0.0828125
74 0.24609375 0.34453125 0.06953125 0.0921875
109 0.64296875 0.48828125 0.04453125 0.121875
109 0.5875 0.490625 0.05234375 0.1265625
102 0.5203125 0.49296875 0.059375 0.13046875
34 0.465625 0.49375 0.0546875 0.13671875
101 0.39765625 0.49609375 0.06328125 0.1359375
100 0.3265625 0.49609375 0.06484375 0.1421875
100 0.25703125 0.49765625 0.07109375 0.1421875
79 0.67421875 0.64375 0.04609375 0.07578125
79 0.625 0.6546875 0.0375 0.078125
79 0.56484375 0.65625 0.0421875 0.08359375
82 0.51328125 0.63828125 0.04921875 0.13046875
39 0.45390625 0.64453125 0.04375 0.12578125
39 0.39296875 0.6484375 0.05390625 0.125
41 0.3265625 0.646875 0.059375 0.1234375
41 0.26640625 0.6546875 0.06328125 0.13203125
83 0.66640625 0.76640625 0.05390625 0.11171875
75 0.61953125 0.76953125 0.04609375 0.1140625
35 0.56875 0.77578125 0.04921875 0.1125
27 0.50859375 0.78125 0.05625 0.11484375
27 0.45 0.78203125 0.04921875 0.11171875
27 0.39453125 0.7875 0.059375 0.11953125
25 0.33046875 0.790625 0.04765625 0.1171875
25 0.27109375 0.80078125 0.059375 0.12578125
104 0.69765625 0.48671875 0.05234375 0.1203125
2 0.56796875 0.20703125 0.1140625 0.07578125