112 0.228125 0.2140625 0.1140625 0.0921875
111 0.35 0.20625 0.1328125 0.10234375
94 0.45859375 0.2359375 0.0609375 0.03828125
93 0.5421875 0.23515625 0.0625 0.0328125
1 0.45546875 0.153125 0.0609375 0.05625
88 0.5421875 0.1484375 0.0609375 0.07265625
51 0.79921875 0.1859375 0.1203125 0.1265625
36 0.2296875 0.32421875 0.08515625 0.10546875
49 0.359375 0.32421875 0.1140625 0.10625
61 0.659375 0.3171875 0.12421875 0.1140625
67 0.790625 0.321875 0.10546875 0.103125
99 0.39453125 0.56953125 0.05625 0.10390625
37 0.32578125 0.44453125 0.06640625 0.0984375
56 0.40078125 0.46015625 0.06953125 0.08046875
52 0.24921875 0.45 0.0625 0.10078125
58 0.4796875 0.44453125 0.06484375 0.1109375
60 0.54296875 0.45234375 0.06484375 0.10390625
69 0.26875 0.56953125 0.05234375 0.1
89 0.3453125 0.56875 0.03359375 0.0984375
15 0.47578125 0.56953125 0.06953125 0.10390625
20 0.6109375 0.56328125 0.059375 0.0890625
20 0.54609375 0.56328125 0.0625 0.0953125
22 0.75703125 0.57109375 0.0796875 0.10234375
22 0.67734375 0.56875 0.078125 0.10859375
28 0.8296875 0.56328125 0.0625 0.08046875
79 0.47734375 0.68515625 0.0578125 0.09453125
79 0.3453125 0.68359375 0.0625 0.10234375
79 0.28203125 0.68203125 0.0609375 0.096875
80 0.4125 0.68125 0.0578125 0.0875
24 0.54375 0.684375 0.06328125 0.0953125
40 0.61171875 0.684375 0.07265625 0.096875
95 0.67890625 0.68203125 0.05625 0.096875
21 0.75078125 0.6984375 0.06640625 0.096875
0 0.81875 0.69140625 0.08671875 0.11484375
25 0.2890625 0.82265625 0.07265625 0.11796875
25 0.21953125 0.81875 0.07265625 0.1203125
27 0.35078125 0.825 0.07109375 0.121875
35 0.415625 0.828125 0.0734375 0.13203125
41 0.48359375 0.82578125 0.0625 0.128125
39 0.54921875 0.8265625 0.06484375 0.1265625
106 0.678125 0.8265625 0.06796875 0.13046875
100 0.74609375 0.828125 0.06484375 0.1265625
101 0.80703125 0.8296875 0.075 0.13125
78 0.6125 0.8265625 0.0625 0.128125