79 0.478125 0.6734375 0.04453125 0.071875
79 0.52421875 0.67890625 0.04453125 0.07265625
79 0.57578125 0.67890625 0.04609375 0.0703125
25 0.47578125 0.78828125 0.06953125 0.10546875
25 0.42421875 0.784375 0.05234375 0.10234375
27 0.571875 0.78359375 0.05078125 0.09453125
35 0.63984375 0.515625 0.0609375 0.1359375
41 0.3671875 0.5171875 0.05234375 0.125
39 0.42109375 0.515625 0.06640625 0.1234375
100 0.41328125 0.19296875 0.0625 0.14296875
100 0.35625 0.19609375 0.05234375 0.13671875
100 0.48203125 0.19609375 0.05234375 0.13359375
101 0.64921875 0.19609375 0.06328125 0.13671875
101 0.59375 0.1953125 0.05390625 0.13671875
101 0.53671875 0.19453125 0.0546875 0.1375
86 0.5796875 0.5125 0.05390625 0.1203125
86 0.52890625 0.51015625 0.05390625 0.1234375
34 0.365625 0.36484375 0.059375 0.1265625
109 0.47265625 0.36796875 0.0578125 0.12890625
109 0.52890625 0.3609375 0.0578125 0.12890625