114 0.2765625 0.153125 0.12421875 0.134375
60 0.67109375 0.18203125 0.078125 0.10234375
90 0.7328125 0.2 0.04765625 0.07578125
89 0.72890625 0.34765625 0.0546875 0.07734375
98 0.6703125 0.3421875 0.059375 0.084375
32 0.53203125 0.340625 0.06796875 0.08046875
67 0.4578125 0.340625 0.06484375 0.0828125
18 0.378125 0.32578125 0.05390625 0.1078125
56 0.31171875 0.33828125 0.06484375 0.07890625
74 0.23984375 0.3328125 0.06640625 0.0921875
78 0.64453125 0.4859375 0.05078125 0.12578125
109 0.5890625 0.490625 0.0546875 0.13203125
34 0.4515625 0.48984375 0.0609375 0.1421875
101 0.3875 0.4953125 0.075 0.1359375
100 0.3171875 0.49453125 0.07109375 0.1359375
100 0.24921875 0.48984375 0.075 0.1421875
79 0.68828125 0.665625 0.04453125 0.0859375
79 0.63046875 0.66484375 0.05234375 0.09453125
79 0.57109375 0.671875 0.05234375 0.09765625
82 0.51015625 0.64921875 0.0625 0.13671875
35 0.44453125 0.65078125 0.06484375 0.134375
39 0.3875 0.659375 0.0609375 0.1421875
41 0.31875 0.659375 0.0625 0.1375
41 0.25234375 0.65859375 0.06796875 0.134375
27 0.62109375 0.7921875 0.05390625 0.1109375
27 0.50546875 0.80078125 0.059375 0.12578125
25 0.44609375 0.8015625 0.059375 0.12578125
25 0.3859375 0.803125 0.059375 0.1265625
25 0.31875 0.809375 0.0625 0.12578125
63 0.25703125 0.81171875 0.06796875 0.12578125
64 0.39609375 0.17734375 0.04921875 0.096875
66 0.46171875 0.1859375 0.04921875 0.06640625
83 0.67890625 0.7890625 0.059375 0.1125
104 0.7140625 0.48828125 0.06484375 0.12578125
107 0.51796875 0.49609375 0.06953125 0.1390625
31 0.59453125 0.340625 0.06328125 0.0828125