18 0.1265625 0.115625 0.07578125 0.2
99 0.35859375 0.12421875 0.053125 0.2171875
69 0.2078125 0.1265625 0.059375 0.18984375
89 0.2984375 0.12421875 0.0421875 0.1984375
15 0.43828125 0.14296875 0.06796875 0.1828125
20 0.51015625 0.15859375 0.05703125 0.1640625
20 0.5765625 0.1640625 0.059375 0.1609375
22 0.65078125 0.14453125 0.07578125 0.2
22 0.72890625 0.15234375 0.071875 0.1921875
28 0.80859375 0.1484375 0.0765625 0.18125
79 0.1546875 0.37734375 0.06015625 0.159375
79 0.2234375 0.3765625 0.0703125 0.15546875
79 0.29609375 0.38359375 0.059375 0.1578125
79 0.43359375 0.3765625 0.06328125 0.18671875
79 0.36015625 0.384375 0.06484375 0.15390625
24 0.50078125 0.38671875 0.06171875 0.178125
40 0.56796875 0.3828125 0.06484375 0.1625
95 0.6265625 0.3984375 0.059375 0.1578125
21 0.70703125 0.40234375 0.0734375 0.16640625
0 0.7734375 0.41015625 0.06171875 0.15078125
25 0.1640625 0.61015625 0.0796875 0.2546875
25 0.2375 0.61796875 0.0671875 0.23828125
25 0.3015625 0.621875 0.065625 0.234375
35 0.3671875 0.62421875 0.06796875 0.25
41 0.42890625 0.63203125 0.06328125 0.23125
39 0.49140625 0.63828125 0.06328125 0.2328125
78 0.55390625 0.6328125 0.071875 0.23984375
106 0.621875 0.6359375 0.07109375 0.228125
100 0.68984375 0.6421875 0.08203125 0.23671875
101 0.74921875 0.64296875 0.0734375 0.23125