112 0.18828125 0.23984375 0.1265625 0.11328125
111 0.31796875 0.24140625 0.1234375 0.10859375
56 0.54765625 0.2640625 0.034375 0.07578125
56 0.628125 0.26640625 0.0546875 0.06484375
49 0.3296875 0.3640625 0.1234375 0.09921875
61 0.56953125 0.36328125 0.10078125 0.090625
67 0.684375 0.3640625 0.0859375 0.084375
52 0.2109375 0.48046875 0.06171875 0.096875
73 0.16015625 0.4890625 0.04140625 0.0859375
56 0.36875 0.48515625 0.0390625 0.0734375
58 0.4234375 0.47578125 0.05859375 0.09453125
60 0.48125 0.46953125 0.06328125 0.0890625
18 0.17734375 0.603125 0.06015625 0.10234375
69 0.23359375 0.5953125 0.05859375 0.09296875
89 0.31171875 0.5875 0.04609375 0.0859375
99 0.3546875 0.58515625 0.05 0.09375
15 0.4171875 0.58203125 0.071875 0.0859375
20 0.4703125 0.57265625 0.0578125 0.07421875
20 0.5171875 0.56796875 0.06328125 0.0734375
22 0.59609375 0.5671875 0.05 0.0796875
22 0.65078125 0.5640625 0.06171875 0.07578125
28 0.70078125 0.5609375 0.0390625 0.07734375
79 0.17578125 0.71171875 0.0546875 0.0875
79 0.228125 0.7078125 0.06171875 0.09296875
79 0.2921875 0.70078125 0.06640625 0.084375
80 0.35078125 0.6890625 0.0515625 0.0796875
79 0.41015625 0.6875 0.0671875 0.0796875
24 0.4640625 0.68046875 0.06875 0.08203125
25 0.18046875 0.846875 0.05625 0.115625
25 0.23125 0.8375 0.0703125 0.11171875
27 0.29375 0.8234375 0.075 0.103125
35 0.35625 0.81796875 0.0671875 0.1078125
39 0.4625 0.7984375 0.0734375 0.103125
41 0.40859375 0.80625 0.06328125 0.1078125
78 0.51953125 0.78984375 0.07890625 0.1
106 0.57421875 0.7828125 0.06484375 0.09609375
100 0.62421875 0.7765625 0.06328125 0.0984375
101 0.6703125 0.77109375 0.06484375 0.0984375
1 0.43828125 0.21015625 0.0484375 0.053125
87 0.503125 0.203125 0.0484375 0.059375
94 0.43125 0.28828125 0.06328125 0.034375
92 0.49609375 0.29375 0.0578125 0.0359375
36 0.18984375 0.3671875 0.10078125 0.1046875
11 0.4578125 0.37578125 0.0859375 0.07109375
50 0.68828125 0.25859375 0.103125 0.090625
37 0.29453125 0.4796875 0.06953125 0.090625
40 0.52734375 0.67578125 0.0609375 0.0796875
96 0.57421875 0.671875 0.0515625 0.0828125
21 0.63515625 0.66484375 0.0546875 0.0796875