99 0.26796875 0.10390625 0.078125 0.20703125
69 0.07265625 0.10390625 0.08671875 0.20703125
89 0.19453125 0.10078125 0.05 0.2015625
15 0.38359375 0.1125 0.103125 0.22421875
20 0.5 0.1125 0.084375 0.22109375
20 0.590625 0.1078125 0.0859375 0.215625
22 0.7015625 0.10703125 0.09921875 0.2140625
22 0.81796875 0.1078125 0.12734375 0.215625
28 0.9421875 0.090625 0.10546875 0.18125
79 0.39609375 0.40078125 0.07890625 0.2640625
79 0.21484375 0.425 0.0625 0.21953125
79 0.04765625 0.415625 0.0734375 0.2125
79 0.29765625 0.425 0.090625 0.21953125
24 0.49140625 0.4140625 0.08828125 0.25
40 0.584375 0.4125 0.09296875 0.246875
95 0.67890625 0.434375 0.0890625 0.23828125
21 0.7890625 0.43359375 0.0859375 0.24296875
0 0.88828125 0.43046875 0.103125 0.27734375
25 0.07265625 0.7328125 0.08515625 0.284375
25 0.16328125 0.7484375 0.07578125 0.2890625
25 0.2421875 0.73984375 0.09140625 0.284375
35 0.31796875 0.73984375 0.0859375 0.284375
41 0.4046875 0.7453125 0.07890625 0.3
39 0.4890625 0.74453125 0.0828125 0.29609375
78 0.57109375 0.74765625 0.0828125 0.29296875
106 0.6515625 0.75078125 0.08515625 0.3
100 0.74453125 0.7578125 0.1046875 0.31015625
101 0.83515625 0.76328125 0.09609375 0.31015625