55 0.08515625 0.12890625 0.0953125 0.10625
74 0.18515625 0.11640625 0.10390625 0.128125
56 0.30703125 0.125 0.06953125 0.1140625
37 0.39296875 0.121875 0.10234375 0.13046875
64 0.4875 0.1171875 0.08984375 0.128125
66 0.5734375 0.1265625 0.0734375 0.109375
67 0.6765625 0.1234375 0.096875 0.1203125
18 0.7734375 0.11796875 0.08515625 0.13359375
98 0.87421875 0.11796875 0.10703125 0.121875
57 0.96484375 0.1171875 0.06953125 0.12578125
4 0.92421875 0.35 0.078125 0.10078125
71 0.77109375 0.35390625 0.1359375 0.11796875
53 0.6203125 0.33828125 0.0796875 0.134375
32 0.5375 0.3453125 0.09375 0.1140625
114 0.37578125 0.33828125 0.15078125 0.1421875
112 0.17734375 0.32421875 0.140625 0.14765625
105 0.909375 0.51171875 0.078125 0.16875
104 0.81875 0.50625 0.07265625 0.159375
28 0.7421875 0.5375 0.08125 0.10078125
76 0.6546875 0.53671875 0.08828125 0.10546875
77 0.5734375 0.53671875 0.0734375 0.0984375
80 0.478125 0.53359375 0.08515625 0.11484375
79 0.4015625 0.53203125 0.0828125 0.11640625
79 0.32265625 0.53046875 0.06953125 0.1125
79 0.2390625 0.53203125 0.0984375 0.11484375
79 0.15546875 0.53359375 0.0796875 0.1171875
27 0.88203125 0.70234375 0.0828125 0.1375
38 0.79609375 0.70546875 0.075 0.146875
34 0.64140625 0.69453125 0.07109375 0.14140625
38 0.7203125 0.6984375 0.07265625 0.14296875
109 0.56171875 0.6953125 0.08125 0.14453125
68 0.4828125 0.696875 0.06796875 0.14453125
78 0.39765625 0.69921875 0.08359375 0.15546875
78 0.32734375 0.69765625 0.0734375 0.14765625
78 0.24765625 0.69609375 0.075 0.13984375
78 0.175 0.69375 0.07265625 0.1390625
27 0.85546875 0.86640625 0.0734375 0.1140625
27 0.7078125 0.88046875 0.0546875 0.1375
27 0.63046875 0.875 0.07265625 0.12890625
27 0.55546875 0.87265625 0.06953125 0.12578125
25 0.48359375 0.86953125 0.06796875 0.125
25 0.40625 0.87421875 0.06953125 0.1265625
25 0.3359375 0.86875 0.06953125 0.1171875
25 0.259375 0.8765625 0.0796875 0.125
25 0.18046875 0.86875 0.078125 0.12265625