112 0.25 0.2671875 0.09921875 0.1578125
111 0.36015625 0.27578125 0.096875 0.159375
50 0.7140625 0.27578125 0.0984375 0.16953125
36 0.25078125 0.4421875 0.09375 0.1390625
49 0.3609375 0.45234375 0.103125 0.1625
61 0.5890625 0.4546875 0.08515625 0.1421875
67 0.69921875 0.4546875 0.07734375 0.14765625
18 0.22890625 0.78515625 0.0484375 0.1390625
99 0.3890625 0.78515625 0.040625 0.146875
37 0.3328125 0.62265625 0.05625 0.13828125
56 0.55390625 0.30234375 0.04296875 0.13515625
56 0.63515625 0.30078125 0.04453125 0.1296875
56 0.3953125 0.63125 0.0484375 0.13203125
60 0.5015625 0.6234375 0.05703125 0.14765625
52 0.2703125 0.61875 0.04453125 0.15078125
93 0.50703125 0.33671875 0.05703125 0.0546875
1 0.4453125 0.2140625 0.04765625 0.07734375
94 0.4484375 0.33203125 0.04765625 0.0546875
88 0.51328125 0.2140625 0.0453125 0.103125
73 0.21875 0.6234375 0.04921875 0.121875
58 0.44765625 0.6203125 0.04921875 0.1453125
69 0.2859375 0.78671875 0.0578125 0.1421875
89 0.35 0.78515625 0.02890625 0.1421875
15 0.45 0.78046875 0.05078125 0.1234375
20 0.50234375 0.77109375 0.05390625 0.11328125
20 0.55625 0.77421875 0.0515625 0.125
22 0.61171875 0.78359375 0.04453125 0.13515625
22 0.66328125 0.78515625 0.04609375 0.13359375
28 0.7203125 0.77890625 0.0515625 0.11796875
79 0.24140625 0.9375 0.0453125 0.121875
79 0.296875 0.93671875 0.0578125 0.1109375
79 0.3484375 0.9375 0.0453125 0.11953125
79 0.4484375 0.934375 0.0515625 0.109375
79 0.3953125 0.93359375 0.0484375 0.11640625
24 0.496875 0.9375 0.0515625 0.1109375
40 0.5515625 0.9359375 0.05625 0.11796875
95 0.60390625 0.9359375 0.0421875 0.11171875
21 0.6578125 0.93984375 0.0484375 0.1203125