112 0.17421875 0.1671875 0.12890625 0.078125
111 0.3125 0.1515625 0.153125 0.1125
94 0.4265625 0.1859375 0.06640625 0.0359375
93 0.509375 0.1875 0.06328125 0.03125
1 0.425 0.1046875 0.0734375 0.06640625
88 0.5234375 0.09609375 0.0609375 0.07265625
51 0.765625 0.1453125 0.1328125 0.1125
36 0.17109375 0.27734375 0.10859375 0.11171875
49 0.3109375 0.28203125 0.15625 0.10234375
61 0.6203125 0.2796875 0.1390625 0.10625
67 0.7921875 0.27890625 0.11171875 0.10859375
99 0.33671875 0.54453125 0.0765625 0.11953125
37 0.26953125 0.4203125 0.08515625 0.10625
56 0.35390625 0.4234375 0.06796875 0.0875
73 0.1328125 0.41796875 0.0546875 0.10078125
52 0.18828125 0.4109375 0.075 0.1078125
58 0.42265625 0.41328125 0.07265625 0.1171875
60 0.50546875 0.4125 0.08828125 0.12265625
69 0.20546875 0.5453125 0.075 0.109375
89 0.2859375 0.5421875 0.04453125 0.1109375
15 0.42734375 0.54375 0.0796875 0.1171875
20 0.58046875 0.5421875 0.08984375 0.1078125
20 0.503125 0.54140625 0.06953125 0.10625
22 0.7328125 0.54609375 0.0796875 0.11171875
22 0.65703125 0.54765625 0.06640625 0.1109375
28 0.81640625 0.53984375 0.0734375 0.0921875
79 0.4296875 0.67734375 0.07265625 0.11953125
79 0.2875 0.684375 0.06484375 0.103125
79 0.1421875 0.67890625 0.05390625 0.09765625
79 0.20703125 0.68125 0.08671875 0.10625
80 0.35390625 0.684375 0.0765625 0.1
24 0.503125 0.67890625 0.06953125 0.1140625
40 0.57578125 0.68125 0.0609375 0.1203125
95 0.65078125 0.6828125 0.07265625 0.1109375
21 0.73828125 0.69140625 0.0765625 0.10625
0 0.8046875 0.690625 0.07265625 0.1140625
25 0.209375 0.8359375 0.08828125 0.146875
25 0.1375 0.83203125 0.0953125 0.15
27 0.2859375 0.83984375 0.08828125 0.15625
35 0.36015625 0.84375 0.08984375 0.15546875
41 0.42890625 0.8484375 0.0796875 0.1671875
39 0.4984375 0.8421875 0.0734375 0.15625
106 0.64609375 0.8484375 0.0765625 0.1515625
100 0.72734375 0.84765625 0.07109375 0.1609375
101 0.79453125 0.85 0.078125 0.159375
78 0.57109375 0.84765625 0.07109375 0.15625