60 0.6453125 0.2015625 0.0578125 0.07890625
90 0.6984375 0.2140625 0.0421875 0.06171875
66 0.47109375 0.2140625 0.04765625 0.06171875
64 0.4140625 0.20625 0.05234375 0.0671875
114 0.325 0.19609375 0.10859375 0.096875
89 0.703125 0.334375 0.040625 0.06328125
98 0.64375 0.33046875 0.04921875 0.06875
32 0.58828125 0.3296875 0.059375 0.0734375
62 0.52734375 0.3296875 0.04453125 0.0734375
67 0.46875 0.334375 0.0578125 0.0671875
18 0.4078125 0.32421875 0.05234375 0.084375
56 0.3578125 0.3328125 0.05078125 0.06640625
74 0.3015625 0.3296875 0.05390625 0.075
109 0.6359375 0.45546875 0.05078125 0.10546875
109 0.584375 0.45546875 0.04921875 0.1078125
34 0.47578125 0.45390625 0.05234375 0.10859375
101 0.41953125 0.45546875 0.05234375 0.1109375
100 0.3609375 0.45546875 0.05078125 0.11171875
100 0.31328125 0.4546875 0.0625 0.10390625
79 0.66875 0.5921875 0.0390625 0.0671875
79 0.62578125 0.59921875 0.0421875 0.06953125
79 0.5734375 0.60078125 0.04453125 0.0734375
82 0.52578125 0.578125 0.05078125 0.10859375
39 0.47421875 0.58359375 0.04921875 0.10546875
39 0.42421875 0.5828125 0.0609375 0.10625
41 0.371875 0.58125 0.04609375 0.10390625
41 0.32109375 0.58125 0.0578125 0.10390625
83 0.66796875 0.7 0.04453125 0.1
75 0.621875 0.70078125 0.04609375 0.10625
35 0.57578125 0.70234375 0.04921875 0.10390625
27 0.525 0.70078125 0.04921875 0.10390625
27 0.4765625 0.69921875 0.05078125 0.103125
27 0.4265625 0.69921875 0.05234375 0.103125
25 0.37578125 0.69765625 0.04375 0.10234375
25 0.32734375 0.7015625 0.0546875 0.0984375
2 0.55546875 0.2140625 0.1125 0.0671875