79 0.06875 0.30234375 0.09375 0.2328125
79 0.26171875 0.30390625 0.0734375 0.22578125
79 0.4515625 0.30234375 0.09375 0.2546875
79 0.35546875 0.31484375 0.0828125 0.21875
24 0.54921875 0.315625 0.09140625 0.24296875
40 0.6484375 0.3171875 0.0875 0.24296875
95 0.73984375 0.340625 0.08046875 0.21875
21 0.83828125 0.3375 0.0890625 0.22265625
0 0.9359375 0.35703125 0.1 0.196875
25 0.09609375 0.6359375 0.096875 0.33515625
25 0.1921875 0.6359375 0.096875 0.33515625
27 0.2859375 0.63515625 0.07734375 0.3078125
35 0.36640625 0.6375 0.0765625 0.3234375
41 0.44765625 0.64921875 0.08203125 0.31484375
39 0.53828125 0.653125 0.0765625 0.32890625
78 0.62421875 0.6546875 0.09296875 0.32578125
106 0.71171875 0.65703125 0.08203125 0.31640625
100 0.79609375 0.65703125 0.0984375 0.31328125
101 0.88203125 0.66640625 0.09375 0.31484375