112 0.2015625 0.2359375 0.13515625 0.121875
111 0.35625 0.24609375 0.13203125 0.103125
56 0.60390625 0.2515625 0.03984375 0.090625
56 0.71328125 0.25390625 0.0546875 0.09140625
49 0.3484375 0.36953125 0.128125 0.10546875
61 0.6484375 0.36796875 0.1203125 0.1046875
67 0.78671875 0.3703125 0.090625 0.09609375
73 0.1703125 0.4984375 0.05625 0.09375
52 0.23828125 0.4890625 0.06484375 0.1046875
56 0.39296875 0.5 0.06484375 0.0796875
58 0.4703125 0.49296875 0.06640625 0.11015625
60 0.53515625 0.49296875 0.06484375 0.11171875
18 0.18125 0.6125 0.06875 0.10234375
69 0.25625 0.61328125 0.06015625 0.1015625
89 0.32890625 0.60859375 0.05625 0.09609375
99 0.38359375 0.6078125 0.0515625 0.096875
15 0.46328125 0.60703125 0.0671875 0.09453125
20 0.5296875 0.60078125 0.05859375 0.084375
20 0.5953125 0.6 0.06328125 0.08046875
22 0.67265625 0.6078125 0.06015625 0.0984375
22 0.7390625 0.60625 0.06875 0.09375
28 0.8046875 0.6046875 0.0515625 0.0859375
79 0.2 0.72265625 0.0578125 0.0875
79 0.26171875 0.72578125 0.06328125 0.08828125
79 0.334375 0.72265625 0.06171875 0.09375
80 0.4015625 0.7234375 0.06171875 0.09140625
79 0.46171875 0.71796875 0.06015625 0.084375
24 0.525 0.7171875 0.06640625 0.084375
25 0.20625 0.859375 0.06484375 0.12578125
25 0.26953125 0.85625 0.06171875 0.121875
27 0.33046875 0.85078125 0.06640625 0.1171875
35 0.39765625 0.846875 0.06484375 0.1140625
41 0.46328125 0.85078125 0.06171875 0.12734375
39 0.5234375 0.846875 0.06640625 0.11640625
78 0.58125 0.8453125 0.0671875 0.1171875
106 0.64140625 0.84453125 0.06015625 0.11328125
100 0.70546875 0.8421875 0.071875 0.11640625
101 0.76171875 0.8421875 0.06875 0.115625
1 0.47265625 0.19609375 0.06796875 0.06328125
87 0.55703125 0.18984375 0.05546875 0.07109375
94 0.4578125 0.28046875 0.06328125 0.03984375
92 0.54296875 0.28203125 0.06640625 0.0375
13 0.50078125 0.37734375 0.12109375 0.08515625
36 0.196875 0.365625 0.11484375 0.0984375
37 0.31640625 0.4984375 0.07421875 0.0984375
40 0.5890625 0.71484375 0.05625 0.0796875
96 0.65078125 0.71875 0.046875 0.0921875
0 0.78359375 0.715625 0.06953125 0.09296875
51 0.80625 0.2328125 0.1 0.1359375