112 0.22734375 0.2265625 0.14140625 0.10625
112 0.3765625 0.2359375 0.13203125 0.0859375
111 0.5125 0.234375 0.1140625 0.10234375
67 0.80078125 0.3546875 0.10859375 0.0953125
61 0.65078125 0.3515625 0.1328125 0.1
49 0.3703125 0.34453125 0.1359375 0.10546875
18 0.1921875 0.46171875 0.06640625 0.1078125
99 0.25859375 0.46328125 0.05234375 0.10390625
89 0.35078125 0.46328125 0.04453125 0.10390625
56 0.40703125 0.47578125 0.05625 0.08125
60 0.46796875 0.46640625 0.06484375 0.10859375
52 0.53046875 0.471875 0.059375 0.10234375
20 0.1984375 0.58515625 0.05234375 0.09296875
20 0.278125 0.58125 0.06328125 0.09765625
24 0.34140625 0.5859375 0.04921875 0.09765625
28 0.60078125 0.59375 0.07109375 0.0875
15 0.66796875 0.59453125 0.07109375 0.1125
22 0.73984375 0.59609375 0.0734375 0.0984375
22 0.80859375 0.603125 0.0546875 0.084375
79 0.2046875 0.734375 0.0625 0.0953125
79 0.26796875 0.73828125 0.07265625 0.09453125
79 0.33359375 0.72890625 0.04765625 0.0953125
79 0.40078125 0.7265625 0.07265625 0.109375
79 0.47109375 0.721875 0.05390625 0.1125
100 0.59296875 0.725 0.06328125 0.11640625
100 0.659375 0.72734375 0.06640625 0.1109375
101 0.72890625 0.72421875 0.06328125 0.1140625
101 0.79296875 0.7296875 0.06328125 0.1265625
101 0.778125 0.87578125 0.06953125 0.12578125
106 0.709375 0.87578125 0.07109375 0.1234375
78 0.6484375 0.87421875 0.06328125 0.128125
39 0.58671875 0.87265625 0.0625 0.1203125
41 0.525 0.8703125 0.06328125 0.11484375
41 0.465625 0.86953125 0.0546875 0.11796875
35 0.40078125 0.87265625 0.07265625 0.1265625
27 0.32890625 0.8671875 0.059375 0.11484375
25 0.26171875 0.86796875 0.06953125 0.1171875
25 0.19921875 0.86953125 0.0796875 0.1203125
64 0.6 0.23359375 0.03359375 0.0890625
65 0.71953125 0.2375 0.053125 0.0921875
51 0.80546875 0.23515625 0.12734375 0.0984375
11 0.521875 0.35 0.1140625 0.0921875
96 0.40234375 0.5875 0.06640625 0.0984375
0 0.46640625 0.59375 0.0734375 0.1046875
21 0.53515625 0.596875 0.0625 0.090625
40 0.525 0.72890625 0.053125 0.09921875
36 0.2140625 0.33515625 0.1203125 0.1