20 0.503125 0.13828125 0.06328125 0.2296875
20 0.59140625 0.14296875 0.06171875 0.23125
20 0.6625 0.1359375 0.065625 0.228125
24 0.33125 0.12109375 0.0734375 0.2359375
24 0.41640625 0.12421875 0.0765625 0.2484375
40 0.24609375 0.11953125 0.07734375 0.2328125
25 0.3421875 0.83203125 0.0625 0.27578125
25 0.42109375 0.83203125 0.06328125 0.27265625
25 0.49140625 0.8296875 0.06796875 0.28125
25 0.5640625 0.83828125 0.071875 0.29140625
25 0.640625 0.83671875 0.065625 0.27578125
35 0.27578125 0.83046875 0.0734375 0.284375
41 0.41640625 0.4890625 0.07109375 0.31328125
41 0.4890625 0.4875 0.071875 0.3015625
39 0.575 0.48046875 0.06328125 0.284375
39 0.659375 0.50703125 0.0734375 0.31171875
78 0.25625 0.478125 0.08046875 0.3234375
78 0.33671875 0.478125 0.0703125 0.31484375