112 0.221875 0.1984375 0.09140625 0.09140625
111 0.3265625 0.20234375 0.1 0.08359375
94 0.41953125 0.22734375 0.04921875 0.02734375
93 0.48359375 0.22734375 0.0578125 0.0296875
1 0.41953125 0.15390625 0.0609375 0.05390625
88 0.49453125 0.15 0.04609375 0.059375
50 0.7015625 0.1921875 0.11015625 0.10625
36 0.23046875 0.29921875 0.0734375 0.08671875
49 0.3390625 0.29609375 0.1 0.0890625
61 0.5796875 0.3015625 0.10546875 0.08671875
67 0.7046875 0.29921875 0.09296875 0.09296875
99 0.37421875 0.5 0.05078125 0.0828125
37 0.31171875 0.40546875 0.059375 0.08125
56 0.37109375 0.41015625 0.05078125 0.06484375
53 0.246875 0.40078125 0.05390625 0.0875
58 0.425 0.4015625 0.04921875 0.09140625
60 0.4875 0.409375 0.06640625 0.09765625
69 0.26328125 0.5 0.04921875 0.08046875
89 0.328125 0.4984375 0.040625 0.08125
15 0.43125 0.50390625 0.0609375 0.0859375
20 0.540625 0.50078125 0.059375 0.07265625
20 0.4875 0.49765625 0.0609375 0.075
22 0.65546875 0.49921875 0.06640625 0.0828125
22 0.59375 0.5015625 0.0625 0.07734375
28 0.71796875 0.49609375 0.05078125 0.06875
79 0.43671875 0.59453125 0.04921875 0.071875
79 0.32734375 0.59375 0.05078125 0.07265625
79 0.26875 0.603125 0.05234375 0.08046875
80 0.3828125 0.5953125 0.05390625 0.0703125
24 0.4921875 0.596875 0.0578125 0.078125
40 0.540625 0.59765625 0.05390625 0.07578125
21 0.65859375 0.59765625 0.0546875 0.07578125
25 0.2296875 0.70078125 0.0625 0.09140625
27 0.2796875 0.70234375 0.05390625 0.09296875
41 0.43359375 0.70546875 0.05625 0.10390625
39 0.484375 0.70546875 0.0546875 0.09453125
86 0.3859375 0.70859375 0.059375 0.10234375
72 0.33046875 0.70546875 0.04765625 0.1
103 0.59140625 0.7109375 0.0609375 0.10859375
48 0.5984375 0.5984375 0.0625 0.08125
34 0.71328125 0.603125 0.0546875 0.08359375
78 0.53828125 0.7078125 0.04921875 0.11171875
46 0.6953125 0.71015625 0.05625 0.0984375
47 0.6421875 0.71171875 0.0546875 0.10390625