101 0.68046875 0.1671875 0.0734375 0.15390625
101 0.61953125 0.16796875 0.07265625 0.15703125
101 0.54765625 0.16953125 0.06796875 0.15546875
100 0.4859375 0.17265625 0.0546875 0.1453125
100 0.4125 0.1734375 0.06640625 0.15546875
100 0.35234375 0.1765625 0.0625 0.15078125
75 0.6125 0.3578125 0.06484375 0.153125
109 0.5453125 0.365625 0.06640625 0.14765625
109 0.48125 0.36171875 0.0625 0.13984375
34 0.3578125 0.359375 0.05078125 0.146875
35 0.66875 0.53984375 0.06796875 0.15546875
39 0.421875 0.53359375 0.05625 0.12890625
41 0.36484375 0.5296875 0.0609375 0.12265625
79 0.603125 0.72421875 0.04921875 0.08125
79 0.5421875 0.7203125 0.04609375 0.08046875
79 0.490625 0.7140625 0.04375 0.07578125
43 0.3703125 0.70234375 0.04609375 0.10546875
27 0.596875 0.84453125 0.05390625 0.121875
25 0.48828125 0.82578125 0.04765625 0.10234375
25 0.4265625 0.82578125 0.05234375 0.10234375
63 0.38359375 0.825 0.040625 0.10625
85 0.60859375 0.53515625 0.059375 0.14296875
85 0.5421875 0.53125 0.0609375 0.13359375
110 0.4203125 0.3609375 0.0609375 0.1453125
104 0.4296875 0.6890625 0.05234375 0.1125
83 0.6515625 0.8484375 0.05859375 0.1171875