36 0.3234375 0.0796875 0.203125 0.159375
49 0.54375 0.08828125 0.18046875 0.1765625
61 0.93515625 0.10234375 0.12890625 0.1640625
18 0.2734375 0.4546875 0.090625 0.1578125
99 0.546875 0.45 0.06171875 0.1453125
37 0.478125 0.2859375 0.1078125 0.13828125
56 0.58671875 0.3 0.07578125 0.121875
60 0.771875 0.284375 0.0921875 0.16640625
52 0.359375 0.2765625 0.08046875 0.15546875
73 0.2796875 0.2765625 0.08125 0.15546875
58 0.67578125 0.28046875 0.07890625 0.1640625
69 0.36953125 0.45234375 0.07421875 0.15546875
89 0.48828125 0.45078125 0.06328125 0.153125
15 0.64765625 0.4546875 0.08359375 0.13515625
20 0.715625 0.4390625 0.05859375 0.11328125
20 0.79375 0.45 0.096875 0.1171875
22 0.9 0.45 0.06328125 0.1234375
22 0.96953125 0.45625 0.0609375 0.1203125
79 0.2765625 0.60546875 0.08125 0.115625
79 0.3625 0.60546875 0.0875 0.1203125
79 0.4546875 0.5984375 0.07421875 0.10546875
79 0.61171875 0.5953125 0.0890625 0.10234375
79 0.5328125 0.5953125 0.06484375 0.1046875
24 0.6890625 0.59375 0.06484375 0.10546875
40 0.77109375 0.59375 0.07890625 0.0984375
95 0.8375 0.5921875 0.06953125 0.103125
21 0.92578125 0.59609375 0.06640625 0.103125
25 0.26953125 0.77265625 0.06484375 0.14296875
25 0.36015625 0.76484375 0.08515625 0.128125
25 0.4375 0.7671875 0.07109375 0.140625
35 0.5109375 0.75625 0.078125 0.13359375
41 0.58984375 0.75625 0.08125 0.13046875
39 0.66015625 0.75234375 0.0859375 0.1359375
78 0.73203125 0.7484375 0.08828125 0.1265625
106 0.7953125 0.74609375 0.084375 0.13359375
100 0.8703125 0.73984375 0.07734375 0.11796875
101 0.93671875 0.73828125 0.07421875 0.125