100 0.33671875 0.18515625 0.05625 0.13125
100 0.39609375 0.18359375 0.06328125 0.13984375
101 0.4671875 0.1828125 0.06328125 0.1359375
101 0.53125 0.18203125 0.06328125 0.1390625
101 0.59609375 0.18203125 0.0609375 0.1421875
101 0.65703125 0.1828125 0.0578125 0.1375
79 0.3453125 0.3921875 0.05078125 0.08984375
79 0.39921875 0.39140625 0.0609375 0.08671875
79 0.4671875 0.39140625 0.05234375 0.09140625
79 0.52578125 0.39296875 0.059375 0.08671875
79 0.59296875 0.38359375 0.0609375 0.10546875
79 0.64609375 0.38515625 0.05625 0.10859375
20 0.6421875 0.5671875 0.0609375 0.08984375
20 0.58515625 0.5671875 0.05390625 0.09453125
20 0.51640625 0.5640625 0.0546875 0.08984375
24 0.46015625 0.56015625 0.05234375 0.0875
24 0.4015625 0.56015625 0.04765625 0.09140625
40 0.346875 0.56015625 0.05234375 0.09296875
39 0.6421875 0.70546875 0.06328125 0.1265625
39 0.58203125 0.703125 0.05390625 0.121875
41 0.52265625 0.703125 0.06328125 0.128125
41 0.465625 0.703125 0.0609375 0.13203125
78 0.4046875 0.6984375 0.059375 0.13671875
78 0.346875 0.69765625 0.0578125 0.134375
27 0.6390625 0.865625 0.0625 0.1359375
27 0.57890625 0.8640625 0.0609375 0.14140625
25 0.52109375 0.86171875 0.0609375 0.14140625
25 0.4640625 0.8609375 0.05625 0.14453125
25 0.4015625 0.86015625 0.0625 0.14296875
35 0.3453125 0.8546875 0.0625 0.1359375