112 0.13828125 0.34453125 0.12265625 0.09296875
111 0.271875 0.340625 0.11796875 0.109375
50 0.71015625 0.33828125 0.10703125 0.1234375
36 0.125 0.45390625 0.12265625 0.08828125
49 0.26796875 0.46015625 0.11328125 0.0984375
61 0.5484375 0.465625 0.11328125 0.0984375
67 0.71953125 0.46875 0.096875 0.10078125
18 0.11953125 0.68359375 0.0578125 0.096875
99 0.30234375 0.68671875 0.0421875 0.0984375
37 0.2421875 0.578125 0.06328125 0.0875
56 0.50703125 0.3546875 0.053125 0.0953125
56 0.6171875 0.36015625 0.0546875 0.0984375
56 0.31328125 0.58359375 0.07109375 0.08046875
60 0.44765625 0.5796875 0.06328125 0.1109375
52 0.17578125 0.56953125 0.053125 0.0953125
93 0.44765625 0.38203125 0.06328125 0.040625
1 0.37421875 0.3 0.05625 0.06015625
94 0.37578125 0.38046875 0.05 0.03515625
88 0.45625 0.30078125 0.05 0.0609375
73 0.11640625 0.5703125 0.0453125 0.090625
58 0.38125 0.5796875 0.0515625 0.1015625
69 0.17109375 0.678125 0.0390625 0.09765625
89 0.25703125 0.67890625 0.03359375 0.0875
15 0.3828125 0.6859375 0.0515625 0.09453125
20 0.44609375 0.68203125 0.06953125 0.0796875
20 0.5078125 0.6859375 0.0546875 0.0890625
22 0.56953125 0.690625 0.06484375 0.090625
22 0.6421875 0.69375 0.07109375 0.09609375
28 0.715625 0.69453125 0.06796875 0.084375
79 0.125 0.7890625 0.053125 0.0890625
79 0.19140625 0.78125 0.06171875 0.08203125
79 0.25390625 0.7859375 0.0546875 0.090625
79 0.3796875 0.7890625 0.0578125 0.078125
79 0.31796875 0.7859375 0.06796875 0.08203125
24 0.440625 0.7890625 0.06171875 0.078125
40 0.5046875 0.79296875 0.0609375 0.07734375
95 0.56640625 0.79765625 0.05859375 0.0921875
21 0.63984375 0.80546875 0.06015625 0.0953125
0 0.7015625 0.81015625 0.0578125 0.0984375
25 0.13515625 0.90234375 0.06171875 0.1078125
25 0.1984375 0.91015625 0.06484375 0.1125
25 0.26328125 0.9078125 0.06640625 0.10703125
35 0.32265625 0.91328125 0.06796875 0.11796875
41 0.3796875 0.91484375 0.06640625 0.1171875
39 0.440625 0.91953125 0.06484375 0.12109375
78 0.49921875 0.91953125 0.06953125 0.1125
106 0.55859375 0.921875 0.06171875 0.115625
100 0.62265625 0.92265625 0.06953125 0.1140625
101 0.68828125 0.92265625 0.0515625 0.10546875