114 0.30625 0.2015625 0.10859375 0.11484375
64 0.41015625 0.21796875 0.04453125 0.07578125
66 0.4640625 0.21953125 0.05390625 0.071875
60 0.65546875 0.21328125 0.06328125 0.08984375
90 0.72734375 0.2265625 0.05078125 0.06171875
89 0.71953125 0.3609375 0.05078125 0.0703125
98 0.66171875 0.359375 0.0625 0.075
31 0.5921875 0.35703125 0.06484375 0.07578125
32 0.528125 0.35625 0.06328125 0.08125
67 0.4640625 0.35625 0.0625 0.07734375
18 0.3921875 0.346875 0.06328125 0.1
56 0.3375 0.3578125 0.0625 0.0734375
74 0.2796875 0.35234375 0.05625 0.0734375
104 0.709375 0.49140625 0.06796875 0.11953125
78 0.65078125 0.49140625 0.06328125 0.11953125
109 0.59140625 0.490625 0.0609375 0.11640625
107 0.5375 0.48984375 0.059375 0.125
34 0.471875 0.490625 0.06328125 0.1203125
101 0.4109375 0.4890625 0.07265625 0.121875
100 0.35 0.49140625 0.075 0.1234375
100 0.2921875 0.4890625 0.075 0.11796875
79 0.6984375 0.659375 0.05625 0.08125
79 0.6390625 0.6578125 0.05078125 0.0828125
79 0.5828125 0.6578125 0.05234375 0.07890625
82 0.53125 0.63359375 0.0546875 0.12578125
35 0.47421875 0.63515625 0.0546875 0.1265625
39 0.41328125 0.63984375 0.06796875 0.12265625
41 0.35703125 0.63671875 0.06328125 0.11640625
41 0.3 0.63359375 0.0796875 0.11484375
83 0.6953125 0.77265625 0.05390625 0.10859375
27 0.6359375 0.77265625 0.0625 0.10859375
27 0.52265625 0.76953125 0.05390625 0.1078125
25 0.47109375 0.771875 0.05625 0.1109375
25 0.415625 0.771875 0.0625 0.11640625
25 0.35859375 0.76875 0.0578125 0.11171875
63 0.3046875 0.76875 0.06484375 0.11640625