112 0.1984375 0.18359375 0.10703125 0.09765625
111 0.3140625 0.18046875 0.11875 0.103125
94 0.40546875 0.2140625 0.05625 0.03125
93 0.47109375 0.21640625 0.0625 0.03125
1 0.4015625 0.1390625 0.07109375 0.059375
88 0.4796875 0.13203125 0.04765625 0.06328125
50 0.6984375 0.17890625 0.1140625 0.10625
36 0.2015625 0.29140625 0.0828125 0.0921875
49 0.31171875 0.2921875 0.1140625 0.0953125
61 0.5734375 0.2921875 0.12578125 0.0984375
67 0.69921875 0.296875 0.09140625 0.08984375
99 0.34921875 0.5046875 0.0625 0.09140625
37 0.2875 0.40546875 0.0625 0.0875
56 0.34921875 0.41171875 0.05625 0.07265625
53 0.21953125 0.3984375 0.0625 0.09140625
58 0.421875 0.4 0.04453125 0.09296875
60 0.47421875 0.403125 0.06640625 0.096875
69 0.23125 0.5046875 0.0546875 0.084375
89 0.30625 0.50390625 0.0390625 0.0875
15 0.4140625 0.50859375 0.0578125 0.08984375
20 0.53125 0.503125 0.0609375 0.07890625
20 0.47109375 0.4984375 0.06796875 0.084375
22 0.65234375 0.50625 0.06328125 0.08359375
22 0.590625 0.50546875 0.0578125 0.0828125
28 0.72109375 0.50546875 0.06796875 0.07578125
79 0.421875 0.603125 0.05390625 0.078125
79 0.303125 0.6046875 0.05078125 0.08359375
79 0.24609375 0.60390625 0.0578125 0.08125
80 0.3609375 0.60546875 0.059375 0.07578125
24 0.471875 0.60625 0.0578125 0.07265625
40 0.53203125 0.60625 0.05390625 0.08359375
21 0.646875 0.6078125 0.06640625 0.07734375
25 0.1921875 0.71484375 0.06640625 0.10546875
27 0.24921875 0.7203125 0.0609375 0.096875
41 0.4203125 0.7203125 0.0625 0.10078125
39 0.46953125 0.71640625 0.05390625 0.0953125
100 0.63828125 0.725 0.0609375 0.10625
101 0.68984375 0.7203125 0.06328125 0.10390625
86 0.3609375 0.7234375 0.0625 0.1078125
72 0.30390625 0.71875 0.0609375 0.10546875
103 0.58046875 0.721875 0.0578125 0.109375
48 0.5859375 0.61015625 0.06328125 0.08984375
34 0.7078125 0.6125 0.059375 0.0875
78 0.52421875 0.7203125 0.059375 0.1109375