3 0.71640625 0.23515625 0.0546875 0.07265625
60 0.6578125 0.2265625 0.06484375 0.0953125
33 0.55234375 0.22109375 0.12421875 0.1125
66 0.45546875 0.23671875 0.04921875 0.07265625
64 0.39765625 0.23359375 0.05234375 0.078125
111 0.29375 0.21171875 0.11875 0.121875
89 0.715625 0.375 0.04453125 0.06171875
98 0.65546875 0.37109375 0.05234375 0.07578125
32 0.5890625 0.37109375 0.0609375 0.07578125
59 0.52734375 0.36640625 0.059375 0.0921875
67 0.4609375 0.37890625 0.059375 0.0734375
18 0.3984375 0.3625 0.04765625 0.0953125
56 0.3328125 0.37265625 0.06328125 0.07890625
74 0.27109375 0.36953125 0.059375 0.075
43 0.70703125 0.5140625 0.05078125 0.0984375
109 0.64921875 0.503125 0.05625 0.121875
109 0.59140625 0.50234375 0.05234375 0.1234375
68 0.53046875 0.50078125 0.0625 0.1203125
34 0.471875 0.50078125 0.0578125 0.11796875
101 0.4078125 0.50390625 0.07265625 0.11640625
100 0.3484375 0.5015625 0.06328125 0.11953125
100 0.28828125 0.5046875 0.06953125 0.121875
79 0.70078125 0.66796875 0.05625 0.07734375
79 0.63984375 0.66484375 0.0546875 0.08671875
79 0.584375 0.67109375 0.04375 0.0875
82 0.53203125 0.64375 0.0578125 0.12265625
39 0.47109375 0.653125 0.05625 0.121875
39 0.41484375 0.65390625 0.0609375 0.125
41 0.35078125 0.65390625 0.0625 0.125
41 0.29453125 0.6546875 0.059375 0.1234375
83 0.6953125 0.7859375 0.059375 0.1078125
35 0.6375 0.7890625 0.05390625 0.11953125
75 0.5828125 0.78125 0.05234375 0.11484375
26 0.53203125 0.78828125 0.05625 0.1140625
27 0.4734375 0.7875 0.0578125 0.1078125
27 0.4140625 0.7890625 0.0578125 0.10625
25 0.30390625 0.78515625 0.0609375 0.10546875