112 0.1703125 0.2046875 0.15 0.19375
111 0.3328125 0.2046875 0.14296875 0.20546875
50 0.83828125 0.20078125 0.11953125 0.23125
36 0.17265625 0.43671875 0.13828125 0.20390625
49 0.32421875 0.45390625 0.1328125 0.2140625
61 0.65234375 0.4453125 0.11875 0.19140625
67 0.81796875 0.44921875 0.11171875 0.2
18 0.140625 0.90390625 0.05390625 0.18359375
99 0.36796875 0.9078125 0.0515625 0.1828125
37 0.28984375 0.6859375 0.07421875 0.18359375
56 0.6078125 0.23125 0.0546875 0.15390625
56 0.7265625 0.2296875 0.04921875 0.1765625
56 0.37578125 0.7078125 0.059375 0.1625
60 0.5296875 0.67890625 0.06328125 0.2140625
52 0.203125 0.67421875 0.059375 0.20390625
93 0.5359375 0.2765625 0.0765625 0.0703125
1 0.4515625 0.12109375 0.06484375 0.11171875
94 0.45078125 0.27421875 0.07109375 0.0671875
88 0.5484375 0.10546875 0.0546875 0.13828125
73 0.14375 0.684375 0.0515625 0.18671875
58 0.45546875 0.67734375 0.06328125 0.20859375
69 0.21796875 0.90625 0.071875 0.1859375
89 0.31328125 0.90390625 0.04609375 0.18671875
15 0.45234375 0.90625 0.071875 0.1828125
20 0.5234375 0.8921875 0.05703125 0.15546875
20 0.5984375 0.89296875 0.0671875 0.15625
22 0.675 0.909375 0.06640625 0.18046875
22 0.74609375 0.91015625 0.07109375 0.175
28 0.828125 0.90625 0.0625 0.16484375