112 0.196875 0.25625 0.1296875 0.1328125
111 0.3390625 0.26171875 0.15546875 0.115625
56 0.603125 0.284375 0.0390625 0.0859375
56 0.6953125 0.28828125 0.05 0.09296875
49 0.35625 0.39375 0.15546875 0.1203125
61 0.6203125 0.39609375 0.1078125 0.10234375
67 0.73359375 0.396875 0.1046875 0.096875
52 0.22421875 0.5484375 0.08359375 0.12734375
56 0.396875 0.5484375 0.0546875 0.0875
58 0.465625 0.52890625 0.06875 0.115625
60 0.53125 0.525 0.0875 0.11015625
69 0.24921875 0.6921875 0.071875 0.12421875
89 0.33515625 0.67734375 0.06328125 0.11328125
99 0.3828125 0.67109375 0.06875 0.10859375
15 0.4609375 0.66171875 0.08203125 0.10546875
20 0.5140625 0.64453125 0.0671875 0.0859375
20 0.56875 0.6375 0.07890625 0.08046875
22 0.65 0.6359375 0.06328125 0.08828125
22 0.70546875 0.62890625 0.06015625 0.09140625
28 0.75546875 0.61953125 0.0390625 0.0796875
79 0.23984375 0.828125 0.06328125 0.1046875
79 0.31953125 0.81171875 0.09765625 0.09296875
80 0.3828125 0.7953125 0.0703125 0.09609375
24 0.50625 0.765625 0.06875 0.084375
25 0.2421875 0.96015625 0.0765625 0.0796875
27 0.3171875 0.9484375 0.0671875 0.1015625
35 0.38359375 0.940625 0.08515625 0.11796875
78 0.5703125 0.89765625 0.0890625 0.1171875
106 0.62265625 0.8828125 0.08359375 0.11015625
101 0.7203125 0.85390625 0.06640625 0.103125
1 0.48125 0.2078125 0.0515625 0.06484375
87 0.5515625 0.2140625 0.0546875 0.07578125
94 0.478125 0.3046875 0.07421875 0.03984375
92 0.55078125 0.30625 0.07421875 0.0453125
13 0.5078125 0.4125 0.11171875 0.090625
51 0.76875 0.28359375 0.07734375 0.1
36 0.209375 0.3984375 0.1109375 0.125
37 0.32109375 0.55078125 0.0953125 0.08984375
96 0.6296875 0.75625 0.05625 0.0734375