112 0.23984375 0.21328125 0.12578125 0.09765625
111 0.3921875 0.21015625 0.146875 0.1078125
50 0.86171875 0.21875 0.11796875 0.140625
36 0.225 0.3359375 0.10859375 0.10546875
49 0.38671875 0.34296875 0.1296875 0.1125
61 0.70078125 0.35703125 0.12265625 0.1109375
67 0.83671875 0.359375 0.11328125 0.1171875
18 0.209375 0.5765625 0.05625 0.1015625
99 0.403125 0.58515625 0.04375 0.1
37 0.33828125 0.46640625 0.07421875 0.103125
56 0.646875 0.2328125 0.0453125 0.1046875
56 0.7578125 0.23515625 0.06640625 0.10546875
56 0.415625 0.48046875 0.07265625 0.08984375
60 0.5625 0.4765625 0.07578125 0.115625
52 0.25859375 0.46015625 0.0515625 0.10546875
93 0.58359375 0.253125 0.07578125 0.04296875
1 0.51484375 0.1640625 0.06796875 0.07421875
94 0.5 0.2546875 0.06484375 0.04453125
88 0.603125 0.1625 0.06953125 0.07578125
73 0.20703125 0.4609375 0.0421875 0.09453125
58 0.4875 0.46953125 0.059375 0.11328125
69 0.26484375 0.57578125 0.05 0.096875
89 0.3640625 0.58046875 0.0359375 0.103125
15 0.484375 0.5890625 0.05625 0.10546875
20 0.55390625 0.584375 0.053125 0.0875
20 0.6171875 0.5890625 0.06015625 0.09453125
22 0.6875 0.59921875 0.06796875 0.0953125
22 0.76796875 0.6015625 0.06640625 0.1
28 0.83984375 0.603125 0.06484375 0.084375
79 0.47734375 0.69921875 0.0546875 0.08984375
79 0.3515625 0.6890625 0.053125 0.0828125
79 0.27890625 0.68671875 0.07109375 0.078125
79 0.2140625 0.6859375 0.04375 0.08203125
79 0.4171875 0.68984375 0.0484375 0.07734375
24 0.53984375 0.70078125 0.0609375 0.0875
40 0.609375 0.70703125 0.06328125 0.0921875
95 0.675 0.709375 0.06484375 0.09375
21 0.7484375 0.71953125 0.06328125 0.10234375
0 0.8125 0.725 0.06484375 0.1109375
25 0.21875 0.80859375 0.06640625 0.115625
25 0.2796875 0.81015625 0.0546875 0.1109375
25 0.34296875 0.8140625 0.0515625 0.11484375
35 0.4078125 0.8203125 0.06171875 0.12109375
41 0.4703125 0.82421875 0.06328125 0.11328125
39 0.5296875 0.8296875 0.05859375 0.11484375
78 0.5875 0.83203125 0.06796875 0.1171875
106 0.65234375 0.840625 0.06484375 0.11796875
100 0.71328125 0.84140625 0.06328125 0.1140625
101 0.77890625 0.84765625 0.06328125 0.115625