112 0.1015625 0.22734375 0.16796875 0.2359375
111 0.28984375 0.22421875 0.16796875 0.24140625
50 0.8859375 0.209375 0.16171875 0.26015625
36 0.08671875 0.503125 0.17109375 0.24140625
49 0.28828125 0.5140625 0.16171875 0.2546875
61 0.66640625 0.51640625 0.15859375 0.22734375
67 0.859375 0.5125 0.15390625 0.24296875
37 0.24921875 0.7859375 0.0859375 0.21875
56 0.61796875 0.246875 0.06328125 0.228125
56 0.76171875 0.25 0.0875 0.2125
56 0.3453125 0.80546875 0.0875 0.2109375
60 0.5296875 0.79140625 0.090625 0.25703125
52 0.140625 0.7859375 0.06171875 0.24453125
93 0.5359375 0.31171875 0.09375 0.0859375
1 0.43203125 0.109375 0.08515625 0.13828125
94 0.42890625 0.3078125 0.09296875 0.08359375
88 0.55390625 0.09765625 0.071875 0.16953125
73 0.0671875 0.79140625 0.06875 0.228125
58 0.4359375 0.790625 0.090625 0.24453125