100 0.2859375 0.1890625 0.07734375 0.1703125
100 0.3578125 0.1953125 0.075 0.17421875
101 0.43515625 0.19609375 0.07578125 0.17265625
101 0.5078125 0.19609375 0.075 0.17578125
101 0.58515625 0.1921875 0.071875 0.1703125
101 0.6546875 0.1921875 0.0703125 0.1734375
79 0.2921875 0.4328125 0.06015625 0.10234375
79 0.3609375 0.434375 0.06328125 0.11015625
79 0.44296875 0.4359375 0.06328125 0.1046875
79 0.50703125 0.43671875 0.06171875 0.10546875
79 0.5765625 0.42578125 0.06328125 0.11640625
24 0.36015625 0.62109375 0.06171875 0.10859375
24 0.42890625 0.61875 0.05625 0.103125
20 0.50390625 0.625 0.05859375 0.10859375
20 0.56171875 0.6203125 0.0578125 0.1046875
20 0.63671875 0.62421875 0.0546875 0.1078125
78 0.30234375 0.7671875 0.05625 0.14765625
78 0.36328125 0.76171875 0.06484375 0.13984375
41 0.43125 0.77421875 0.06328125 0.14453125
41 0.49140625 0.771875 0.06015625 0.13984375
39 0.56328125 0.77421875 0.06640625 0.1484375
39 0.62578125 0.77421875 0.06484375 0.1453125
35 0.30234375 0.93046875 0.0671875 0.13359375
25 0.36484375 0.921875 0.06015625 0.1359375
25 0.42734375 0.92890625 0.06171875 0.13828125
25 0.48828125 0.92890625 0.06015625 0.1421875
27 0.55 0.9265625 0.06484375 0.14140625
27 0.6171875 0.92734375 0.0703125 0.1453125
40 0.3015625 0.61640625 0.05 0.103125