100 0.2890625 0.20703125 0.06875 0.17421875
100 0.36015625 0.2046875 0.06484375 0.1765625
101 0.44375 0.21015625 0.0734375 0.16953125
101 0.5109375 0.2125 0.07578125 0.17421875
101 0.58828125 0.21328125 0.0734375 0.17109375
101 0.66953125 0.21015625 0.071875 0.178125
79 0.28203125 0.45234375 0.06640625 0.1109375
79 0.359375 0.4546875 0.06328125 0.10234375
79 0.43671875 0.4515625 0.05625 0.103125
79 0.49375 0.4546875 0.05625 0.1015625
79 0.58125 0.44921875 0.06484375 0.1203125
24 0.35625 0.6453125 0.05625 0.11171875
24 0.421875 0.64453125 0.05625 0.11171875
20 0.4984375 0.6515625 0.06171875 0.10703125
20 0.56875 0.65234375 0.053125 0.1078125
20 0.62421875 0.6578125 0.04921875 0.1078125
78 0.28125 0.80234375 0.0671875 0.1609375
78 0.353125 0.7984375 0.0671875 0.1453125
41 0.41875 0.8125 0.06640625 0.15859375
41 0.484375 0.80546875 0.06328125 0.14453125
39 0.55703125 0.8015625 0.06171875 0.14140625
39 0.62265625 0.8265625 0.0578125 0.1484375
40 0.2875 0.640625 0.0546875 0.09765625