112 0.25703125 0.27734375 0.10546875 0.0984375
111 0.375 0.278125 0.10859375 0.096875
50 0.70390625 0.2921875 0.07734375 0.08984375
36 0.24765625 0.384375 0.0875 0.09296875
49 0.371875 0.3890625 0.10859375 0.1
61 0.5890625 0.38828125 0.0859375 0.084375
67 0.68984375 0.38984375 0.078125 0.07578125
18 0.23203125 0.603125 0.04375 0.0921875
99 0.39296875 0.58984375 0.0453125 0.08828125
37 0.346875 0.4953125 0.05625 0.0828125
56 0.5703125 0.29765625 0.03359375 0.07109375
56 0.646875 0.29921875 0.0546875 0.05859375
56 0.409375 0.49921875 0.04375 0.06796875
60 0.5125 0.48984375 0.06640625 0.08828125
52 0.27109375 0.49375 0.05859375 0.10078125
93 0.52734375 0.321875 0.053125 0.03203125
1 0.47109375 0.25234375 0.046875 0.046875
94 0.4625 0.315625 0.0578125 0.03203125
88 0.534375 0.25 0.04375 0.0375
73 0.22734375 0.49921875 0.040625 0.08984375
58 0.4546875 0.4875 0.053125 0.0875
69 0.28359375 0.59921875 0.05859375 0.0875
89 0.35 0.59140625 0.040625 0.08203125
15 0.4546875 0.5875 0.0546875 0.07734375
20 0.503125 0.58125 0.0484375 0.0734375
20 0.553125 0.578125 0.06953125 0.07421875
22 0.61171875 0.57734375 0.04375 0.075
22 0.66640625 0.57578125 0.053125 0.0734375
28 0.7125 0.56640625 0.0328125 0.06484375
79 0.28046875 0.70234375 0.046875 0.0828125
79 0.340625 0.69609375 0.07109375 0.0828125
79 0.4484375 0.68125 0.06171875 0.078125
79 0.39375 0.6890625 0.046875 0.078125
24 0.50078125 0.6734375 0.053125 0.078125
40 0.55234375 0.67109375 0.05 0.06953125
95 0.60234375 0.66953125 0.05 0.06796875
21 0.65703125 0.6671875 0.046875 0.0671875
25 0.28125 0.81953125 0.06328125 0.10546875
25 0.340625 0.8140625 0.06484375 0.10546875
35 0.3890625 0.80625 0.06796875 0.1046875
41 0.446875 0.79765625 0.06796875 0.09765625
39 0.496875 0.7859375 0.05859375 0.0953125
78 0.5359375 0.77890625 0.06484375 0.08984375
106 0.58046875 0.77734375 0.06640625 0.090625
100 0.62734375 0.76328125 0.06328125 0.0796875
101 0.6734375 0.7578125 0.05859375 0.08203125