33 0.178125 0.0765625 0.18203125 0.14453125
5 0.2984375 0.0953125 0.06796875 0.11171875
16 0.3875 0.096875 0.06953125 0.134375
14 0.52890625 0.1109375 0.12890625 0.10078125
45 0.67890625 0.12734375 0.1328125 0.08984375
89 0.81640625 0.1328125 0.04453125 0.0984375
60 0.88671875 0.1265625 0.08125 0.121875
113 0.85390625 0.2859375 0.075 0.096875
52 0.778125 0.28359375 0.06640625 0.11171875
59 0.709375 0.28125 0.0828125 0.1140625
30 0.6390625 0.28359375 0.06796875 0.0984375
54 0.53671875 0.28203125 0.0578125 0.09296875
67 0.4734375 0.278125 0.0625 0.1
70 0.403125 0.265625 0.0796875 0.121875
17 0.30625 0.265625 0.08515625 0.11171875
22 0.8203125 0.47421875 0.06640625 0.10390625
29 0.7515625 0.46796875 0.059375 0.1203125
27 0.67578125 0.44453125 0.06328125 0.15703125
25 0.60625 0.44296875 0.0578125 0.1609375
25 0.534375 0.45546875 0.0765625 0.15078125
68 0.46015625 0.44296875 0.06328125 0.15859375
101 0.390625 0.44453125 0.07265625 0.1515625
101 0.31171875 0.446875 0.0828125 0.15703125
101 0.7953125 0.61171875 0.0765625 0.1234375
101 0.72734375 0.61484375 0.059375 0.12890625
101 0.65546875 0.615625 0.0578125 0.13203125
101 0.5890625 0.61953125 0.0578125 0.134375
101 0.5234375 0.6234375 0.0609375 0.13359375
100 0.45390625 0.61953125 0.07265625 0.121875
100 0.38046875 0.6234375 0.06640625 0.13359375
100 0.31015625 0.62265625 0.0625 0.1375
100 0.2359375 0.61875 0.078125 0.134375
100 0.16171875 0.61953125 0.06640625 0.14140625
100 0.22890625 0.44140625 0.08125 0.15625
100 0.1515625 0.44140625 0.0796875 0.1609375
63 0.76640625 0.76328125 0.059375 0.11796875
35 0.70859375 0.765625 0.0546875 0.12265625
35 0.64140625 0.7671875 0.059375 0.11953125
84 0.57734375 0.76640625 0.0546875 0.121875
109 0.51484375 0.759375 0.0578125 0.1109375
109 0.44453125 0.7671875 0.07265625 0.1171875
34 0.3828125 0.7609375 0.07109375 0.11171875
82 0.3078125 0.771875 0.0625 0.1265625
27 0.24609375 0.7671875 0.0578125 0.10234375
82 0.16875 0.77578125 0.06796875 0.11953125