112 0.19765625 0.2546875 0.1515625 0.1109375
111 0.34609375 0.2515625 0.13046875 0.1203125
94 0.44609375 0.2921875 0.06796875 0.0421875
93 0.5359375 0.29453125 0.06484375 0.0421875
1 0.44609375 0.19921875 0.07109375 0.0703125
88 0.546875 0.18359375 0.07265625 0.08984375
51 0.8640625 0.240625 0.1765625 0.165625
36 0.20234375 0.38359375 0.121875 0.103125
49 0.34921875 0.38984375 0.14921875 0.1140625
61 0.6671875 0.39609375 0.159375 0.1234375
67 0.828125 0.40390625 0.13203125 0.11953125
18 0.1859375 0.6328125 0.06484375 0.09765625
99 0.371875 0.6515625 0.0578125 0.10546875
37 0.30078125 0.52734375 0.06640625 0.10234375
56 0.38125 0.5375 0.0625 0.07890625
73 0.18046875 0.515625 0.05078125 0.10390625
52 0.234375 0.5125 0.05234375 0.10859375
58 0.44453125 0.5234375 0.0734375 0.11640625
60 0.52890625 0.53203125 0.0765625 0.1109375
69 0.23828125 0.63515625 0.05625 0.096875
89 0.32265625 0.64609375 0.04375 0.103125
15 0.4640625 0.66015625 0.08515625 0.10546875
20 0.53515625 0.66171875 0.078125 0.0890625
20 0.6140625 0.66171875 0.07109375 0.09765625
22 0.7640625 0.69140625 0.09296875 0.10390625
22 0.67890625 0.68359375 0.078125 0.1109375
79 0.46328125 0.77109375 0.0609375 0.0875
79 0.33828125 0.76328125 0.06328125 0.0859375
79 0.26484375 0.75 0.07265625 0.07890625
79 0.20625 0.7453125 0.05625 0.0828125
80 0.39453125 0.76796875 0.06484375 0.0875
24 0.5296875 0.784375 0.07265625 0.0828125
40 0.60234375 0.7953125 0.0734375 0.09296875
95 0.67265625 0.80703125 0.078125 0.08984375
21 0.76015625 0.8296875 0.0765625 0.0984375
0 0.83671875 0.8375 0.08828125 0.1125
25 0.26875 0.88515625 0.078125 0.11640625
25 0.20625 0.87109375 0.0796875 0.10234375
27 0.33671875 0.896875 0.08125 0.11796875
35 0.39921875 0.90625 0.078125 0.1140625
41 0.45546875 0.91796875 0.08125 0.121875
39 0.525 0.92578125 0.07265625 0.12578125
106 0.66484375 0.94453125 0.0828125 0.11015625
100 0.74609375 0.95078125 0.06796875 0.0984375
101 0.821875 0.95703125 0.08046875 0.0859375
78 0.59140625 0.93828125 0.075 0.11953125