112 0.23984375 0.25859375 0.128125 0.09375
111 0.38359375 0.26171875 0.1203125 0.0984375
56 0.62890625 0.2703125 0.04140625 0.0890625
56 0.74375 0.27265625 0.05859375 0.09609375
49 0.39296875 0.3796875 0.11953125 0.1015625
61 0.66953125 0.38203125 0.11171875 0.103125
67 0.80703125 0.384375 0.11640625 0.1
73 0.2171875 0.5078125 0.0546875 0.096875
52 0.26796875 0.503125 0.05625 0.1046875
56 0.425 0.5109375 0.05 0.07734375
58 0.49453125 0.5046875 0.0578125 0.11328125
60 0.56171875 0.503125 0.06640625 0.11015625
18 0.21875 0.625 0.06328125 0.10546875
69 0.290625 0.62265625 0.06328125 0.10703125
89 0.36484375 0.6203125 0.04765625 0.10234375
99 0.41484375 0.6234375 0.053125 0.10234375
15 0.49609375 0.62109375 0.071875 0.1
20 0.559375 0.615625 0.0546875 0.0859375
20 0.621875 0.6171875 0.05 0.08515625
22 0.70234375 0.62265625 0.06484375 0.09375
22 0.76328125 0.61796875 0.06640625 0.0984375
28 0.8296875 0.61640625 0.0578125 0.084375
79 0.22734375 0.7328125 0.0546875 0.09609375
79 0.28984375 0.7359375 0.06484375 0.090625
79 0.36171875 0.73359375 0.05625 0.0890625
80 0.425 0.73359375 0.06484375 0.0890625
80 0.4890625 0.7328125 0.06328125 0.08828125
24 0.5546875 0.72578125 0.06015625 0.084375
25 0.2296875 0.86796875 0.06484375 0.115625
25 0.29375 0.86484375 0.06484375 0.11328125
27 0.359375 0.87109375 0.06640625 0.13046875
35 0.42421875 0.8671875 0.06328125 0.121875
78 0.61171875 0.8625 0.0734375 0.11875
106 0.6703125 0.86640625 0.05859375 0.12421875
100 0.73515625 0.8625 0.0734375 0.1203125
101 0.7953125 0.86640625 0.0703125 0.128125
1 0.5046875 0.21640625 0.0453125 0.0625
87 0.58203125 0.2109375 0.0546875 0.0703125
51 0.83984375 0.2671875 0.11328125 0.11953125
36 0.24609375 0.3796875 0.11484375 0.0953125
13 0.54375 0.3890625 0.1046875 0.08203125
37 0.35 0.5125 0.06171875 0.090625
40 0.61875 0.73125 0.0515625 0.08984375
96 0.6765625 0.7296875 0.046875 0.08515625
0 0.815625 0.734375 0.06796875 0.0984375
21 0.75 0.73984375 0.0546875 0.090625
94 0.496875 0.30078125 0.05859375 0.03828125
92 0.5734375 0.2953125 0.07578125 0.03671875