112 0.20703125 0.18984375 0.1390625 0.12109375
111 0.371875 0.18125 0.1421875 0.13515625
50 0.8796875 0.17890625 0.1328125 0.14296875
36 0.19609375 0.31953125 0.1328125 0.11015625
49 0.3625 0.3296875 0.1421875 0.1234375
61 0.6828125 0.328125 0.134375 0.1125
67 0.8484375 0.328125 0.10546875 0.109375
18 0.18828125 0.5875 0.08046875 0.10703125
99 0.4015625 0.5890625 0.059375 0.1078125
37 0.33046875 0.4625 0.0828125 0.10703125
56 0.40546875 0.47421875 0.0546875 0.090625
56 0.6390625 0.19765625 0.06171875 0.11953125
56 0.77109375 0.20078125 0.06640625 0.1046875
60 0.56796875 0.4578125 0.06484375 0.1203125
52 0.24609375 0.459375 0.06328125 0.1046875
93 0.578125 0.2328125 0.07734375 0.03984375
1 0.496875 0.1390625 0.07421875 0.0703125
94 0.4890625 0.23046875 0.06796875 0.04453125
88 0.5890625 0.12890625 0.06171875 0.08046875
73 0.18828125 0.4640625 0.053125 0.1
58 0.4953125 0.4609375 0.07734375 0.1234375
69 0.27265625 0.584375 0.06484375 0.1078125
89 0.35 0.58984375 0.05 0.10859375
15 0.48828125 0.59375 0.06953125 0.1171875
20 0.5609375 0.58203125 0.0578125 0.09296875
20 0.62890625 0.584375 0.07890625 0.09765625
22 0.7125 0.59140625 0.0546875 0.10546875
22 0.78515625 0.59296875 0.07890625 0.1015625
28 0.8640625 0.58515625 0.07109375 0.090625
79 0.20234375 0.70546875 0.0578125 0.1
79 0.275 0.70703125 0.07578125 0.0984375
79 0.34296875 0.70859375 0.06328125 0.10078125
79 0.48359375 0.7109375 0.06640625 0.0984375
79 0.4171875 0.709375 0.07265625 0.10078125
24 0.5578125 0.7109375 0.06640625 0.1
40 0.628125 0.70703125 0.07109375 0.09609375
95 0.6953125 0.7140625 0.0609375 0.10546875
21 0.7671875 0.7140625 0.07421875 0.10078125
0 0.8359375 0.71484375 0.0546875 0.10703125
25 0.21328125 0.8453125 0.07265625 0.13125
25 0.28984375 0.84296875 0.06640625 0.11875
25 0.35390625 0.8421875 0.06640625 0.11484375
35 0.41484375 0.84453125 0.05859375 0.128125
41 0.48359375 0.84921875 0.06328125 0.1296875
39 0.54453125 0.84296875 0.0609375 0.1203125
78 0.61015625 0.84140625 0.07421875 0.1140625
106 0.6734375 0.84609375 0.07421875 0.1203125
100 0.74609375 0.85 0.08359375 0.1234375
101 0.81015625 0.84765625 0.07265625 0.12265625