112 0.2953125 0.240625 0.1046875 0.0703125
111 0.40625 0.22890625 0.103125 0.0953125
50 0.746875 0.228125 0.09375 0.0953125
36 0.28671875 0.328125 0.0953125 0.08046875
49 0.4078125 0.33515625 0.0984375 0.0828125
61 0.6234375 0.33203125 0.0953125 0.0828125
67 0.75390625 0.33359375 0.0921875 0.08359375
18 0.27265625 0.521875 0.05 0.07734375
99 0.43359375 0.52265625 0.0421875 0.08046875
37 0.3765625 0.43359375 0.06015625 0.08046875
56 0.4328125 0.43828125 0.03515625 0.06484375
56 0.5953125 0.24296875 0.03203125 0.065625
56 0.68359375 0.240625 0.0390625 0.0703125
60 0.546875 0.42890625 0.04375 0.08359375
52 0.3171875 0.42890625 0.046875 0.08203125
93 0.55078125 0.2640625 0.05546875 0.028125
1 0.48828125 0.2 0.0484375 0.04765625
94 0.490625 0.2671875 0.046875 0.03046875
88 0.5578125 0.19140625 0.0453125 0.05859375
73 0.26640625 0.43203125 0.0484375 0.0703125
58 0.49609375 0.428125 0.0421875 0.0828125
69 0.33671875 0.52265625 0.046875 0.078125
89 0.396875 0.525 0.03828125 0.08203125
15 0.48984375 0.52421875 0.0453125 0.0796875
20 0.5453125 0.5203125 0.05546875 0.078125
20 0.596875 0.52109375 0.053125 0.07109375
22 0.64765625 0.5203125 0.053125 0.078125
22 0.70234375 0.52265625 0.05625 0.0796875
28 0.76328125 0.51796875 0.0515625 0.06796875
79 0.28203125 0.615625 0.046875 0.0796875
79 0.33515625 0.61640625 0.0515625 0.07578125
79 0.3859375 0.615625 0.05 0.07578125
79 0.4875 0.615625 0.053125 0.08046875
79 0.4359375 0.6140625 0.053125 0.07265625
24 0.54453125 0.6140625 0.0484375 0.0828125
40 0.59453125 0.615625 0.0578125 0.08203125
95 0.64375 0.6171875 0.04375 0.07578125
21 0.696875 0.61875 0.0484375 0.078125
0 0.75 0.6234375 0.0453125 0.08046875
25 0.28671875 0.71875 0.06171875 0.08984375
25 0.340625 0.72421875 0.05859375 0.09609375
25 0.39140625 0.71953125 0.0453125 0.0890625
35 0.4375 0.71953125 0.046875 0.09453125
41 0.48671875 0.7203125 0.0546875 0.09296875
39 0.53671875 0.7171875 0.0515625 0.096875
78 0.5890625 0.72109375 0.05859375 0.0953125
106 0.63984375 0.7203125 0.0484375 0.1
100 0.68984375 0.7203125 0.0515625 0.0953125
101 0.73515625 0.72109375 0.0515625 0.09453125