112 0.1390625 0.203125 0.12734375 0.08828125
112 0.27265625 0.19453125 0.11328125 0.09609375
111 0.42421875 0.196875 0.11953125 0.0984375
56 0.5234375 0.196875 0.06640625 0.0921875
56 0.6171875 0.19140625 0.06640625 0.103125
49 0.278125 0.31640625 0.11796875 0.1015625
61 0.56875 0.31328125 0.11484375 0.1078125
67 0.7171875 0.31484375 0.0984375 0.1078125
18 0.10625 0.4375 0.07109375 0.10859375
99 0.17421875 0.43515625 0.05 0.09609375
89 0.2671875 0.44375 0.0484375 0.1078125
56 0.32265625 0.4546875 0.06484375 0.0828125
60 0.39140625 0.4421875 0.06953125 0.11328125
52 0.45078125 0.44609375 0.0578125 0.1078125
24 0.2671875 0.55859375 0.053125 0.0921875
28 0.51953125 0.57734375 0.06484375 0.1
15 0.596875 0.571875 0.0578125 0.11328125
22 0.66640625 0.5796875 0.07421875 0.10703125
79 0.15859375 0.70078125 0.0484375 0.09765625
79 0.22265625 0.70546875 0.06171875 0.09765625
79 0.2859375 0.6984375 0.0515625 0.0984375
79 0.34609375 0.69765625 0.06640625 0.115625
79 0.40546875 0.6984375 0.06015625 0.109375
25 0.16875 0.8265625 0.053125 0.10703125
25 0.22578125 0.82734375 0.06484375 0.10546875
27 0.29375 0.83046875 0.06796875 0.11015625
35 0.34765625 0.83515625 0.07265625 0.11328125
41 0.41328125 0.8390625 0.06171875 0.11328125
41 0.4703125 0.84375 0.0546875 0.125
39 0.52890625 0.84765625 0.0609375 0.11796875
78 0.59375 0.85 0.06796875 0.1234375
106 0.6609375 0.8515625 0.06328125 0.1234375
101 0.725 0.86015625 0.06171875 0.125
101 0.73515625 0.71484375 0.06640625 0.1296875
101 0.6703125 0.709375 0.06484375 0.13515625
100 0.53203125 0.70859375 0.06953125 0.1265625
100 0.603125 0.70703125 0.0609375 0.12734375
21 0.45234375 0.57890625 0.046875 0.08515625
40 0.4625 0.70078125 0.0484375 0.1015625
11 0.421875 0.3265625 0.10546875 0.09453125
36 0.14296875 0.315625 0.0984375 0.103125
51 0.72109375 0.1890625 0.11484375 0.0953125
96 0.31953125 0.56796875 0.053125 0.090625