100 0.34609375 0.22421875 0.0734375 0.153125
100 0.40390625 0.21875 0.0578125 0.15546875
101 0.47265625 0.2171875 0.06875 0.1640625
101 0.540625 0.21953125 0.06640625 0.17109375
101 0.61640625 0.21640625 0.071875 0.17578125
101 0.68515625 0.2125 0.06171875 0.16796875
79 0.34140625 0.44609375 0.05625 0.0890625
79 0.40390625 0.453125 0.0578125 0.1046875
79 0.471875 0.45078125 0.04921875 0.09453125
79 0.53828125 0.4546875 0.053125 0.1046875
79 0.59453125 0.4515625 0.05 0.128125
24 0.3953125 0.62890625 0.0515625 0.10703125
24 0.4578125 0.63046875 0.05625 0.103125
20 0.5265625 0.64375 0.05859375 0.10859375
20 0.59140625 0.65078125 0.06171875 0.11015625
20 0.6609375 0.65703125 0.04609375 0.11328125
78 0.34765625 0.76484375 0.06171875 0.15
78 0.40390625 0.76640625 0.0546875 0.1421875
41 0.46328125 0.78828125 0.06015625 0.1484375
41 0.51875 0.796875 0.06015625 0.14140625
39 0.58515625 0.8109375 0.071875 0.15
39 0.6484375 0.8171875 0.0546875 0.15625
35 0.346875 0.92109375 0.06875 0.14765625
25 0.403125 0.9265625 0.05625 0.13984375
25 0.45546875 0.93671875 0.0578125 0.1265625
25 0.5140625 0.94140625 0.053125 0.1171875
27 0.57890625 0.9453125 0.05625 0.10859375
27 0.63515625 0.9546875 0.05078125 0.08984375
40 0.34453125 0.62421875 0.0421875 0.10078125