112 0.1828125 0.2 0.1375 0.08125
94 0.434375 0.21328125 0.07265625 0.0359375
93 0.5171875 0.2140625 0.0625 0.0328125
1 0.425 0.13125 0.07265625 0.071875
88 0.521875 0.12109375 0.0625 0.07890625
51 0.8015625 0.16796875 0.14453125 0.13125
36 0.18984375 0.30859375 0.11875 0.10546875
49 0.31875 0.31796875 0.14609375 0.10234375
61 0.62578125 0.3078125 0.1375 0.11640625
67 0.7984375 0.303125 0.1125 0.10390625
18 0.16015625 0.56328125 0.06484375 0.11484375
99 0.35546875 0.57109375 0.0765625 0.121875
37 0.28515625 0.44453125 0.06953125 0.09765625
56 0.365625 0.4515625 0.07109375 0.08046875
73 0.15625 0.4421875 0.0609375 0.0984375
52 0.20859375 0.4390625 0.06640625 0.103125
58 0.44453125 0.4375 0.06328125 0.121875
60 0.51484375 0.43984375 0.08125 0.1140625
69 0.2140625 0.565625 0.0609375 0.103125
89 0.3 0.57109375 0.04453125 0.1125
15 0.44453125 0.5671875 0.07109375 0.10390625
20 0.5796875 0.5671875 0.07109375 0.096875
20 0.51640625 0.565625 0.06640625 0.10234375
22 0.7359375 0.5671875 0.0734375 0.109375
22 0.659375 0.57265625 0.0765625 0.11171875
28 0.825 0.56875 0.07109375 0.09296875
79 0.44609375 0.69609375 0.059375 0.103125
79 0.309375 0.69296875 0.0546875 0.0984375
79 0.234375 0.69453125 0.08671875 0.09765625
79 0.1640625 0.6921875 0.05390625 0.1
80 0.378125 0.69140625 0.059375 0.09296875
24 0.5125 0.6984375 0.07109375 0.10625
40 0.58828125 0.6984375 0.06796875 0.1109375
95 0.659375 0.70390625 0.0828125 0.10078125
21 0.7421875 0.715625 0.078125 0.1078125
0 0.81796875 0.71640625 0.0734375 0.1140625
25 0.23203125 0.84140625 0.08515625 0.1375
25 0.16640625 0.83671875 0.078125 0.13203125
27 0.303125 0.84765625 0.0765625 0.13984375
35 0.375 0.84609375 0.09296875 0.1453125
41 0.43984375 0.8546875 0.078125 0.15
39 0.51171875 0.8484375 0.0734375 0.13671875
106 0.65390625 0.86171875 0.075 0.15078125
100 0.7234375 0.86171875 0.09296875 0.146875
101 0.8015625 0.86796875 0.08125 0.1515625
78 0.58125 0.85859375 0.078125 0.15