112 0.08125 0.19765625 0.15625 0.0984375
111 0.2296875 0.1890625 0.14609375 0.1203125
94 0.34453125 0.2234375 0.07265625 0.04140625
93 0.44140625 0.22734375 0.06953125 0.03828125
1 0.34765625 0.125 0.0734375 0.06953125
88 0.44453125 0.1125 0.0796875 0.09140625
51 0.753125 0.1765625 0.16953125 0.14453125
36 0.07734375 0.3265625 0.134375 0.1171875
49 0.2375 0.32734375 0.15078125 0.11953125
61 0.5796875 0.33125 0.14296875 0.12890625
67 0.7421875 0.3328125 0.14140625 0.1375
18 0.0515625 0.59921875 0.059375 0.11640625
99 0.2703125 0.6140625 0.06328125 0.121875
37 0.2 0.48359375 0.06796875 0.1078125
56 0.28125 0.490625 0.0734375 0.09765625
73 0.05390625 0.47109375 0.06328125 0.10546875
52 0.11796875 0.46640625 0.07109375 0.12265625
58 0.3625 0.4765625 0.08828125 0.12578125
60 0.44296875 0.48203125 0.08671875 0.13125
69 0.13515625 0.60625 0.0796875 0.11171875
89 0.2140625 0.6125 0.04609375 0.1078125
15 0.35703125 0.61953125 0.08125 0.1234375
20 0.45390625 0.61328125 0.08359375 0.10078125
20 0.52265625 0.62421875 0.06640625 0.09765625
22 0.59921875 0.628125 0.10703125 0.1125
22 0.68125 0.6375 0.08984375 0.11640625
28 0.778125 0.6359375 0.09296875 0.0953125
79 0.36640625 0.75 0.0609375 0.10546875
79 0.2296875 0.73359375 0.059375 0.10390625
79 0.1515625 0.7328125 0.08125 0.1
79 0.0828125 0.72421875 0.0828125 0.0984375
80 0.29296875 0.7453125 0.06796875 0.09140625
24 0.43671875 0.7546875 0.08359375 0.096875
40 0.51328125 0.7640625 0.06953125 0.10234375
95 0.59140625 0.77109375 0.09296875 0.1078125
21 0.68359375 0.78515625 0.08515625 0.11171875
0 0.7578125 0.7890625 0.08671875 0.13046875
25 0.15234375 0.8921875 0.0828125 0.12890625
25 0.08125 0.88359375 0.09296875 0.12265625
27 0.21953125 0.89921875 0.08515625 0.13125
35 0.290625 0.90859375 0.0984375 0.13984375
41 0.3640625 0.9109375 0.08828125 0.1359375
39 0.43046875 0.91953125 0.09375 0.14453125
106 0.58671875 0.93125 0.08125 0.1375
100 0.6625 0.93359375 0.075 0.13203125
101 0.74765625 0.93671875 0.078125 0.1265625
78 0.50859375 0.928125 0.0828125 0.1421875