112 0.36171875 0.15 0.1359375 0.09765625
111 0.51328125 0.1484375 0.128125 0.0984375
50 0.95625 0.13828125 0.08671875 0.109375
36 0.3734375 0.26796875 0.12734375 0.10625
49 0.52265625 0.27421875 0.134375 0.115625
61 0.78515625 0.2703125 0.12578125 0.09765625
67 0.93515625 0.26796875 0.11328125 0.10234375
18 0.33984375 0.51328125 0.06953125 0.0984375
99 0.5390625 0.51171875 0.046875 0.1046875
37 0.475 0.40078125 0.07578125 0.103125
56 0.55 0.40390625 0.053125 0.08828125
56 0.76015625 0.1546875 0.04375 0.0921875
56 0.86484375 0.1515625 0.06953125 0.0953125
60 0.68828125 0.3921875 0.06640625 0.103125
52 0.4015625 0.396875 0.059375 0.1
93 0.70625 0.184375 0.06953125 0.03984375
1 0.62734375 0.0921875 0.06328125 0.06015625
94 0.62421875 0.18203125 0.06640625 0.03515625
88 0.7140625 0.0890625 0.0484375 0.078125
73 0.34453125 0.39765625 0.0453125 0.0875
58 0.62265625 0.3921875 0.06015625 0.11015625
69 0.40390625 0.5109375 0.0546875 0.0984375
89 0.490625 0.51171875 0.0375 0.0984375
15 0.6109375 0.509375 0.06328125 0.09296875
20 0.6703125 0.50625 0.05859375 0.09296875
20 0.73359375 0.50546875 0.06953125 0.09453125
22 0.80859375 0.50546875 0.06484375 0.0921875
22 0.88046875 0.50546875 0.07421875 0.10078125
28 0.95 0.50078125 0.06015625 0.0828125
79 0.35390625 0.62578125 0.06328125 0.09453125
79 0.4171875 0.6234375 0.06640625 0.09296875
79 0.48203125 0.621875 0.06328125 0.08515625
79 0.6078125 0.61953125 0.07265625 0.0859375
79 0.540625 0.621875 0.05 0.08984375
24 0.6671875 0.61953125 0.05 0.090625
40 0.725 0.6140625 0.07109375 0.08515625
95 0.784375 0.61953125 0.06171875 0.09296875
21 0.85625 0.6203125 0.07578125 0.0859375
25 0.36328125 0.75234375 0.06953125 0.1125
25 0.4234375 0.7484375 0.06640625 0.11484375
25 0.48359375 0.7484375 0.06640625 0.1109375
35 0.5453125 0.7484375 0.06796875 0.121875
41 0.60390625 0.753125 0.06484375 0.11796875
39 0.6625 0.74921875 0.06953125 0.12109375
78 0.71796875 0.74453125 0.08203125 0.1125
106 0.7828125 0.74453125 0.08046875 0.1203125
100 0.8421875 0.7390625 0.08828125 0.1125
101 0.89765625 0.740625 0.06796875 0.11328125