18 0.1875 0.22734375 0.06640625 0.17421875
73 0.18046875 0.04765625 0.04609375 0.0953125
56 0.38828125 0.04921875 0.059375 0.09765625
58 0.459375 0.04921875 0.04375 0.0984375
60 0.51796875 0.04921875 0.06640625 0.09765625
69 0.253125 0.23671875 0.04375 0.15234375
89 0.33359375 0.2296875 0.03984375 0.16484375
99 0.38203125 0.22578125 0.053125 0.16796875
15 0.45703125 0.246875 0.06640625 0.13359375
20 0.525 0.2453125 0.05625 0.13046875
20 0.584375 0.24765625 0.06640625 0.1328125
22 0.66640625 0.22578125 0.05390625 0.1640625
22 0.7328125 0.228125 0.0703125 0.15625
28 0.80390625 0.215625 0.059375 0.15625
79 0.1921875 0.46796875 0.0546875 0.140625
79 0.26015625 0.46796875 0.0734375 0.12421875
79 0.32578125 0.47109375 0.05234375 0.14296875
80 0.390625 0.46796875 0.06953125 0.1453125
79 0.4546875 0.45625 0.06640625 0.16484375
24 0.51484375 0.4578125 0.053125 0.15234375
25 0.19296875 0.7 0.07265625 0.26015625
25 0.26171875 0.70625 0.0640625 0.25
27 0.3265625 0.7046875 0.0625 0.24453125
35 0.3890625 0.7046875 0.06640625 0.2578125
41 0.4578125 0.7171875 0.06640625 0.24765625
39 0.51796875 0.71015625 0.0546875 0.2359375
78 0.5859375 0.70859375 0.07421875 0.253125
106 0.65390625 0.71015625 0.0671875 0.23515625
100 0.7203125 0.7140625 0.08671875 0.253125
101 0.7890625 0.71328125 0.08125 0.24609375
40 0.58828125 0.46015625 0.05625 0.1578125
96 0.6546875 0.46328125 0.0578125 0.1390625
21 0.72890625 0.46015625 0.0625 0.15234375
0 0.79609375 0.46328125 0.071875 0.15390625
37 0.30859375 0.04765625 0.065625 0.0953125