112 0.2296875 0.22265625 0.1 0.10078125
112 0.36171875 0.225 0.1328125 0.0921875
111 0.5046875 0.21328125 0.11875 0.1140625
50 0.79609375 0.22265625 0.10859375 0.10234375
49 0.365625 0.3328125 0.1171875 0.11484375
61 0.6515625 0.33984375 0.12578125 0.10546875
67 0.784375 0.340625 0.1125 0.1125
99 0.4046875 0.57265625 0.05390625 0.1
52 0.25390625 0.459375 0.0625 0.10390625
58 0.47421875 0.45625 0.0578125 0.10078125
60 0.5359375 0.45703125 0.0734375 0.10390625
69 0.2828125 0.57421875 0.0625 0.096875
89 0.35625 0.5703125 0.0421875 0.0984375
15 0.46796875 0.56875 0.0625 0.09453125
20 0.53515625 0.56875 0.0609375 0.084375
20 0.60390625 0.56640625 0.06796875 0.09140625
22 0.6796875 0.5671875 0.0609375 0.0828125
22 0.7359375 0.56875 0.0625 0.08671875
28 0.81171875 0.565625 0.06328125 0.07734375
79 0.33984375 0.68125 0.0609375 0.08359375
24 0.53359375 0.684375 0.0578125 0.0875
40 0.596875 0.6828125 0.059375 0.08359375
21 0.72734375 0.68828125 0.06328125 0.09453125
27 0.2796875 0.8265625 0.0625 0.11953125
86 0.40703125 0.81796875 0.0734375 0.1171875
72 0.34296875 0.82109375 0.0578125 0.1265625
48 0.6609375 0.6859375 0.06328125 0.09765625
34 0.79375 0.6828125 0.06484375 0.084375
78 0.58984375 0.81875 0.06796875 0.11640625
47 0.71796875 0.82109375 0.07109375 0.1234375