112 0.31953125 0.18515625 0.08359375 0.075
111 0.41875 0.18359375 0.10859375 0.08046875
94 0.5015625 0.2109375 0.05390625 0.0296875
93 0.5625 0.2109375 0.0546875 0.025
1 0.50390625 0.1453125 0.05625 0.0453125
88 0.571875 0.13828125 0.04453125 0.0578125
50 0.771875 0.184375 0.08828125 0.08671875
36 0.309375 0.275 0.06953125 0.08359375
49 0.415625 0.2765625 0.11171875 0.084375
61 0.659375 0.27890625 0.1015625 0.084375
67 0.75859375 0.2828125 0.08828125 0.08359375
99 0.43671875 0.47890625 0.05234375 0.08984375
37 0.384375 0.384375 0.06796875 0.0734375
56 0.44296875 0.3890625 0.05234375 0.059375
53 0.32109375 0.38125 0.04921875 0.0875
58 0.5109375 0.37734375 0.0546875 0.08984375
60 0.56484375 0.38125 0.06484375 0.0828125
69 0.33203125 0.48203125 0.05625 0.08046875
89 0.4 0.4765625 0.0421875 0.0859375
20 0.609375 0.47890625 0.04609375 0.08125
20 0.55703125 0.4828125 0.04921875 0.0828125
22 0.66953125 0.48203125 0.0578125 0.08125
22 0.7296875 0.48515625 0.0625 0.08046875
28 0.79140625 0.48046875 0.04921875 0.071875
79 0.49609375 0.578125 0.05234375 0.084375
79 0.38515625 0.58515625 0.04375 0.07734375
79 0.33203125 0.58359375 0.0625 0.07578125
80 0.4453125 0.58515625 0.04921875 0.07734375
24 0.55390625 0.58203125 0.0609375 0.0859375
40 0.60859375 0.58515625 0.05078125 0.0875
21 0.725 0.58515625 0.06328125 0.0875
25 0.271875 0.69921875 0.07265625 0.11171875
27 0.33125 0.69765625 0.06328125 0.1125
86 0.440625 0.6984375 0.059375 0.11484375
41 0.49453125 0.6984375 0.05234375 0.1171875
39 0.5515625 0.70078125 0.0578125 0.1125
100 0.70859375 0.70234375 0.07265625 0.109375
72 0.384375 0.69921875 0.0625 0.1140625
103 0.6578125 0.7 0.05078125 0.1109375
48 0.66484375 0.58515625 0.05625 0.09296875
34 0.78046875 0.58515625 0.05390625 0.0875
78 0.603125 0.70078125 0.0609375 0.11484375
46 0.76640625 0.70546875 0.07109375 0.11953125