112 0.2265625 0.18671875 0.10859375 0.10234375
111 0.35625 0.184375 0.11875 0.1
94 0.453125 0.21640625 0.0609375 0.03359375
93 0.52578125 0.2171875 0.059375 0.03828125
1 0.45390625 0.14140625 0.06796875 0.0671875
88 0.53984375 0.13203125 0.0546875 0.06953125
50 0.76953125 0.17734375 0.115625 0.1078125
36 0.2375 0.29921875 0.09296875 0.0953125
49 0.35 0.3 0.115625 0.0984375
61 0.6328125 0.296875 0.12265625 0.0984375
67 0.7578125 0.29375 0.0953125 0.0953125
99 0.3921875 0.52578125 0.0578125 0.096875
37 0.32890625 0.41796875 0.06796875 0.0890625
56 0.40234375 0.42265625 0.0546875 0.07890625
53 0.25859375 0.41484375 0.05625 0.096875
58 0.46328125 0.4125 0.0546875 0.1
60 0.5265625 0.41640625 0.06640625 0.109375
69 0.278125 0.52265625 0.06953125 0.09140625
89 0.34453125 0.525 0.0375 0.096875
15 0.46484375 0.5265625 0.06796875 0.09765625
20 0.59375 0.52265625 0.05390625 0.08671875
20 0.53203125 0.52265625 0.06796875 0.0921875
22 0.72265625 0.51953125 0.0734375 0.08671875
22 0.6578125 0.52578125 0.0625 0.0921875
28 0.78984375 0.521875 0.0609375 0.07578125
79 0.4640625 0.6375 0.059375 0.08984375
79 0.34453125 0.6296875 0.04375 0.0921875
79 0.28828125 0.634375 0.06328125 0.084375
80 0.39921875 0.63359375 0.0609375 0.0890625
24 0.528125 0.63359375 0.06328125 0.08671875
40 0.58984375 0.63984375 0.05625 0.0921875
21 0.71796875 0.6390625 0.06328125 0.0890625
25 0.23125 0.7484375 0.06640625 0.10234375
27 0.290625 0.7546875 0.0578125 0.10078125
41 0.46953125 0.75546875 0.059375 0.10859375
39 0.525 0.75546875 0.0609375 0.1109375
101 0.76328125 0.759375 0.0625 0.109375
86 0.41484375 0.75390625 0.0765625 0.1109375
72 0.3484375 0.75390625 0.0546875 0.10859375
103 0.640625 0.7578125 0.06953125 0.11640625
48 0.65 0.63515625 0.06484375 0.09453125
34 0.77734375 0.63984375 0.0734375 0.0921875
78 0.58125 0.7578125 0.0625 0.11640625
47 0.70390625 0.7609375 0.05625 0.1140625