18 0.1921875 0.1953125 0.0734375 0.178125
99 0.38828125 0.2 0.0515625 0.18125
69 0.2734375 0.2046875 0.05703125 0.1640625
89 0.34140625 0.21015625 0.0484375 0.175
15 0.46015625 0.20859375 0.0578125 0.18125
20 0.5203125 0.21015625 0.0546875 0.146875
20 0.575 0.215625 0.06171875 0.1609375
22 0.64296875 0.2125 0.06171875 0.16796875
22 0.7046875 0.21484375 0.04921875 0.159375
28 0.771875 0.20546875 0.05625 0.14375
79 0.225 0.41484375 0.059375 0.1421875
79 0.2796875 0.41875 0.06796875 0.146875
79 0.34453125 0.41796875 0.053125 0.1453125
79 0.4609375 0.4 0.04609375 0.16640625
79 0.40703125 0.40078125 0.0546875 0.1453125
24 0.51328125 0.40390625 0.05390625 0.1578125
40 0.57578125 0.4015625 0.0578125 0.15625
95 0.6328125 0.4125 0.05390625 0.140625
21 0.6921875 0.41015625 0.0546875 0.14375
0 0.7515625 0.40625 0.0625 0.1625
25 0.2421875 0.60234375 0.06328125 0.17265625
25 0.296875 0.60234375 0.0546875 0.178125
25 0.35078125 0.60546875 0.05625 0.18359375
35 0.4046875 0.60625 0.04921875 0.1796875
41 0.46171875 0.61015625 0.06171875 0.2
39 0.51171875 0.61640625 0.05703125 0.1953125
78 0.5671875 0.61171875 0.0578125 0.19140625
106 0.61875 0.61171875 0.06484375 0.20234375
100 0.67421875 0.61484375 0.06171875 0.196875
101 0.72578125 0.61484375 0.0484375 0.1921875