112 0.18203125 0.1109375 0.1640625 0.18671875
111 0.36640625 0.10625 0.15390625 0.2109375
50 0.84765625 0.10546875 0.115625 0.20703125
36 0.18125 0.3546875 0.146875 0.2109375
49 0.3640625 0.35234375 0.146875 0.215625
61 0.68046875 0.35 0.1359375 0.2
67 0.84921875 0.34765625 0.125 0.20078125
18 0.1625 0.86953125 0.07890625 0.20703125
99 0.40625 0.8515625 0.0578125 0.20234375
37 0.32265625 0.62421875 0.09375 0.20078125
56 0.40859375 0.63515625 0.04921875 0.175
56 0.6390625 0.12890625 0.04296875 0.17421875
56 0.76875 0.1328125 0.053125 0.18984375
60 0.57578125 0.59609375 0.07578125 0.21953125
52 0.22890625 0.61484375 0.06796875 0.20859375
93 0.578125 0.17890625 0.0765625 0.07890625
94 0.4859375 0.178125 0.0734375 0.071875
73 0.153125 0.62734375 0.07578125 0.20546875
58 0.503125 0.59765625 0.0671875 0.22109375
69 0.2515625 0.85859375 0.0765625 0.20234375
89 0.35390625 0.85859375 0.0421875 0.2109375
15 0.4984375 0.84296875 0.07578125 0.2109375
20 0.56875 0.8234375 0.06328125 0.175
20 0.63984375 0.8203125 0.08046875 0.17109375
22 0.71796875 0.82578125 0.06875 0.18515625
22 0.7921875 0.821875 0.0796875 0.18125
28 0.87578125 0.79921875 0.06328125 0.1609375