112 0.19375 0.225 0.115625 0.1078125
111 0.32265625 0.22890625 0.11015625 0.09140625
94 0.41484375 0.25703125 0.0546875 0.0328125
93 0.48515625 0.25625 0.06484375 0.03046875
1 0.40703125 0.18359375 0.07109375 0.06640625
88 0.490625 0.1765625 0.0578125 0.0578125
50 0.7078125 0.21640625 0.11171875 0.109375
36 0.20546875 0.33125 0.08984375 0.09765625
49 0.3234375 0.33515625 0.1140625 0.0890625
61 0.58828125 0.3328125 0.13203125 0.09765625
67 0.6953125 0.33203125 0.09375 0.1
99 0.359375 0.54765625 0.059375 0.0953125
37 0.29921875 0.44609375 0.06640625 0.084375
56 0.3640625 0.45390625 0.05078125 0.0703125
53 0.23671875 0.4453125 0.05078125 0.08984375
58 0.4328125 0.44140625 0.05234375 0.09453125
60 0.48125 0.44296875 0.0625 0.10078125
69 0.2515625 0.5515625 0.04921875 0.096875
89 0.32109375 0.54765625 0.0375 0.0875
15 0.428125 0.5515625 0.06640625 0.0890625
20 0.5515625 0.54609375 0.05234375 0.0875
20 0.49296875 0.5453125 0.06328125 0.08359375
22 0.6140625 0.5515625 0.0625 0.09296875
22 0.68125 0.54921875 0.06953125 0.0921875
28 0.7453125 0.53984375 0.05234375 0.0703125
79 0.43359375 0.64921875 0.05625 0.08125
79 0.3171875 0.6546875 0.05625 0.0828125
79 0.2578125 0.65546875 0.06328125 0.084375
79 0.203125 0.6515625 0.04453125 0.08359375
80 0.37578125 0.6515625 0.0625 0.07265625
24 0.48828125 0.65 0.06484375 0.0828125
40 0.55078125 0.65234375 0.05390625 0.0859375
21 0.675 0.65625 0.05625 0.08125
25 0.21171875 0.76640625 0.06796875 0.10625
27 0.26875 0.76640625 0.05625 0.103125
41 0.4390625 0.76953125 0.059375 0.103125
39 0.4921875 0.76953125 0.0546875 0.10546875
100 0.6640625 0.7671875 0.0609375 0.10625
86 0.38359375 0.7734375 0.06953125 0.11640625
72 0.32109375 0.76875 0.05234375 0.10546875
48 0.60859375 0.65546875 0.06484375 0.09140625
34 0.73203125 0.65546875 0.06328125 0.0890625
78 0.546875 0.76640625 0.0609375 0.10859375