22 0.54375 0.18828125 0.07265625 0.10546875
40 0.61875 0.19609375 0.0625 0.0953125
40 0.69375 0.19609375 0.059375 0.08984375
22 0.46796875 0.190625 0.0734375 0.0984375
22 0.390625 0.1890625 0.06640625 0.1
28 0.3203125 0.18125 0.0734375 0.09140625
20 0.67734375 0.37421875 0.0578125 0.10859375
20 0.61328125 0.371875 0.06640625 0.10625
79 0.54296875 0.3703125 0.0765625 0.10625
79 0.46796875 0.3703125 0.0734375 0.10859375
79 0.3984375 0.3703125 0.06484375 0.10625
79 0.32578125 0.371875 0.078125 0.10390625
79 0.25546875 0.371875 0.05625 0.10390625
27 0.6703125 0.51953125 0.0625 0.13671875
25 0.60546875 0.5171875 0.0625 0.1421875
25 0.53203125 0.51484375 0.06640625 0.13984375
25 0.4671875 0.515625 0.07265625 0.1453125
24 0.39921875 0.5390625 0.06328125 0.103125
24 0.33046875 0.540625 0.0734375 0.1078125
24 0.26328125 0.54296875 0.06328125 0.1078125
101 0.7375 0.68671875 0.0625 0.13046875
101 0.6703125 0.684375 0.05625 0.13359375
101 0.60078125 0.684375 0.07109375 0.13203125
100 0.47421875 0.68046875 0.06953125 0.134375
100 0.40234375 0.68203125 0.078125 0.13125
78 0.33203125 0.684375 0.07109375 0.13046875
78 0.27421875 0.68125 0.07109375 0.128125
27 0.740625 0.51953125 0.0609375 0.14453125
35 0.72734375 0.8359375 0.05390625 0.11640625
35 0.66953125 0.8359375 0.06328125 0.1203125
39 0.60078125 0.84140625 0.0625 0.125
39 0.53203125 0.83828125 0.06328125 0.11796875
39 0.4703125 0.8390625 0.0609375 0.1203125
41 0.40625 0.8375 0.06328125 0.11953125
41 0.34296875 0.83515625 0.06328125 0.11953125
41 0.27578125 0.8375 0.06796875 0.12265625
96 0.7609375 0.2 0.05234375 0.08046875