112 0.53203125 0.4765625 0.0796875 0.07734375
111 0.53125 0.66015625 0.0609375 0.06640625
1 0.32890625 0.81953125 0.06484375 0.0421875
88 0.26640625 0.82109375 0.0578125 0.02265625
36 0.459375 0.475 0.06796875 0.0703125
49 0.3234375 0.65625 0.06796875 0.0609375
61 0.46015625 0.56796875 0.0609375 0.06875
67 0.38828125 0.56953125 0.06484375 0.06484375
67 0.5296875 0.56953125 0.04609375 0.0671875
99 0.3984375 0.82265625 0.0359375 0.0609375
37 0.4609375 0.82265625 0.0625 0.059375
56 0.528125 0.7453125 0.040625 0.06484375
52 0.52578125 0.8265625 0.03359375 0.053125
58 0.46328125 0.6578125 0.03203125 0.06171875
60 0.390625 0.6578125 0.034375 0.0578125
89 0.66640625 0.70390625 0.059375 0.1265625
15 0.2515625 0.6546875 0.034375 0.06640625
20 0.690625 0.2734375 0.05390625 0.08046875
22 0.3859375 0.47578125 0.06796875 0.06640625
79 0.30234375 0.37734375 0.034375 0.0703125
79 0.3734375 0.32578125 0.0578125 0.0828125
80 0.3078125 0.275 0.0421875 0.07890625
21 0.68515625 0.378125 0.06796875 0.08125
0 0.296875 0.740625 0.115625 0.04453125
25 0.459375 0.27265625 0.0421875 0.07578125
27 0.53984375 0.27109375 0.040625 0.078125
35 0.61171875 0.2734375 0.040625 0.0828125
41 0.23984375 0.37578125 0.04375 0.07734375
39 0.23828125 0.27265625 0.04453125 0.084375
100 0.5375 0.3765625 0.04453125 0.08046875
101 0.4625 0.37890625 0.04765625 0.07734375
78 0.61015625 0.378125 0.0421875 0.07734375