79 0.25703125 0.3421875 0.0546875 0.1578125
79 0.32734375 0.346875 0.06796875 0.1640625
79 0.3875 0.34375 0.05703125 0.15234375
79 0.44921875 0.3296875 0.05078125 0.17421875
79 0.51171875 0.325 0.0671875 0.16953125
100 0.63671875 0.30390625 0.0734375 0.23125
100 0.703125 0.3046875 0.05703125 0.2296875
25 0.26953125 0.55234375 0.05625 0.18984375
25 0.328125 0.553125 0.0578125 0.1953125
27 0.3875 0.5578125 0.06328125 0.20078125
35 0.44609375 0.5609375 0.0578125 0.2125
41 0.50859375 0.56796875 0.0578125 0.20390625
41 0.57109375 0.56171875 0.053125 0.2125
39 0.625 0.5640625 0.06328125 0.20859375
78 0.68515625 0.565625 0.05703125 0.2140625
106 0.74296875 0.5640625 0.0625 0.20546875
101 0.80234375 0.5734375 0.05078125 0.21015625
101 0.7578125 0.29296875 0.0625 0.196875
101 0.83125 0.321875 0.06015625 0.2296875
20 0.2375 0.07421875 0.05 0.1484375
20 0.3 0.07265625 0.06640625 0.1453125
24 0.37421875 0.07734375 0.06484375 0.15390625
28 0.65390625 0.084375 0.0671875 0.16875
15 0.725 0.07734375 0.06875 0.1546875
22 0.7984375 0.08359375 0.07578125 0.1671875
22 0.86875 0.08359375 0.059375 0.1671875
0 0.52734375 0.075 0.07109375 0.15
21 0.58828125 0.08046875 0.07109375 0.1609375
96 0.44921875 0.07734375 0.065625 0.14765625
40 0.56953125 0.33984375 0.0546875 0.16796875