112 0.2125 0.2671875 0.0953125 0.09453125
111 0.3296875 0.2640625 0.115625 0.096875
94 0.4203125 0.29765625 0.05078125 0.02734375
93 0.48359375 0.296875 0.059375 0.03125
1 0.41484375 0.2234375 0.0609375 0.05859375
88 0.4921875 0.21953125 0.0546875 0.059375
50 0.71640625 0.259375 0.11875 0.10859375
36 0.21796875 0.3703125 0.0796875 0.0875
49 0.33671875 0.37578125 0.11015625 0.09140625
61 0.58203125 0.371875 0.1140625 0.096875
67 0.715625 0.3671875 0.0828125 0.0921875
99 0.3703125 0.578125 0.05234375 0.09296875
37 0.30703125 0.4796875 0.0578125 0.07578125
56 0.36875 0.4859375 0.0578125 0.0703125
52 0.2390625 0.478125 0.05078125 0.0875
58 0.4421875 0.4765625 0.0625 0.096875
60 0.4921875 0.47734375 0.0609375 0.0953125
69 0.2578125 0.57578125 0.04921875 0.08359375
89 0.32578125 0.5765625 0.04375 0.0875
15 0.43125 0.5796875 0.0609375 0.0921875
20 0.5484375 0.571875 0.0546875 0.078125
20 0.4953125 0.57421875 0.059375 0.0875
22 0.67109375 0.57578125 0.0609375 0.08359375
22 0.61171875 0.5765625 0.0546875 0.0859375
28 0.73359375 0.5703125 0.0546875 0.06875
79 0.4421875 0.67109375 0.04453125 0.07890625
79 0.325 0.67578125 0.04765625 0.0734375
79 0.26640625 0.67578125 0.05234375 0.07734375
80 0.38203125 0.6765625 0.0609375 0.07890625
24 0.4953125 0.67265625 0.0625 0.07578125
40 0.5546875 0.6734375 0.05078125 0.07578125
21 0.6703125 0.678125 0.05625 0.084375
25 0.21484375 0.7921875 0.0625 0.10859375
27 0.27265625 0.79453125 0.05625 0.1
86 0.390625 0.7921875 0.06328125 0.10859375
41 0.4421875 0.79296875 0.0625 0.11484375
39 0.4953125 0.78828125 0.06484375 0.1078125
100 0.6578125 0.7875 0.05625 0.09765625
72 0.33203125 0.7890625 0.05390625 0.10234375
103 0.60078125 0.7890625 0.05078125 0.10390625
48 0.6078125 0.67578125 0.0578125 0.08359375
34 0.71953125 0.675 0.05390625 0.09140625
78 0.54921875 0.78671875 0.05078125 0.10859375
46 0.72265625 0.78359375 0.05625 0.09765625