99 0.221875 0.30625 0.0578125 0.11328125
37 0.13984375 0.16796875 0.08046875 0.11328125
56 0.225 0.18125 0.06640625 0.09765625
60 0.38203125 0.16640625 0.08046875 0.13359375
52 0.053125 0.16484375 0.06171875 0.11953125
58 0.2984375 0.159375 0.07421875 0.1328125
69 0.07421875 0.3078125 0.0453125 0.12109375
89 0.17578125 0.30546875 0.053125 0.11953125
15 0.3234375 0.30546875 0.07265625 0.12109375
20 0.390625 0.30625 0.07421875 0.10625
20 0.46484375 0.30546875 0.06796875 0.10546875
22 0.5375 0.3046875 0.0828125 0.11015625
22 0.615625 0.309375 0.078125 0.1109375
28 0.69921875 0.303125 0.0890625 0.103125
79 0.0421875 0.44765625 0.06328125 0.10078125
79 0.11171875 0.44140625 0.06953125 0.103125
79 0.18671875 0.4421875 0.06171875 0.1
79 0.3296875 0.43671875 0.06328125 0.10859375
79 0.2578125 0.4453125 0.07109375 0.10078125
24 0.396875 0.434375 0.06796875 0.1046875
40 0.46875 0.4359375 0.07578125 0.10234375
95 0.53125 0.44453125 0.06796875 0.09765625
21 0.60703125 0.4421875 0.06796875 0.10859375
0 0.67890625 0.44375 0.07265625 0.11015625
25 0.1453125 0.57109375 0.07265625 0.1171875
25 0.0796875 0.57578125 0.06171875 0.12578125
25 0.21875 0.57265625 0.07265625 0.115625
35 0.275 0.57578125 0.0609375 0.1234375
41 0.34296875 0.57578125 0.06953125 0.1234375
39 0.40703125 0.58046875 0.07265625 0.1296875
78 0.46640625 0.58046875 0.08046875 0.128125
106 0.53203125 0.58046875 0.07265625 0.13046875
100 0.60078125 0.578125 0.06796875 0.1234375
101 0.6671875 0.578125 0.06328125 0.12578125