112 0.240625 0.26171875 0.10859375 0.0921875
112 0.346875 0.26328125 0.12265625 0.08359375
111 0.46640625 0.2484375 0.10859375 0.10234375
50 0.728125 0.24375 0.08828125 0.10546875
61 0.59140625 0.36015625 0.11875 0.09140625
67 0.72265625 0.3625 0.10234375 0.10234375
99 0.375 0.56875 0.05234375 0.08984375
37 0.31875 0.46484375 0.0625 0.0921875
56 0.3765625 0.47421875 0.05078125 0.07578125
52 0.25859375 0.4609375 0.0578125 0.084375
58 0.43671875 0.47265625 0.04921875 0.0875
60 0.49609375 0.46796875 0.0609375 0.1078125
69 0.27578125 0.5609375 0.06796875 0.078125
89 0.33671875 0.56171875 0.04453125 0.07734375
20 0.4984375 0.57734375 0.07109375 0.0734375
20 0.55703125 0.57890625 0.05234375 0.07734375
22 0.6125 0.58359375 0.0625 0.08125
22 0.6796875 0.590625 0.07265625 0.08359375
24 0.4921875 0.67734375 0.0546875 0.07890625
40 0.55390625 0.68828125 0.05234375 0.07734375
21 0.67890625 0.70078125 0.06796875 0.09296875
86 0.384375 0.78984375 0.06484375 0.10859375
48 0.60859375 0.7015625 0.0625 0.08984375
78 0.5484375 0.8109375 0.06953125 0.10546875
47 0.6703125 0.83046875 0.06796875 0.11171875