112 0.1484375 0.30625 0.18671875 0.26796875
97 0.3 0.27421875 0.0828125 0.334375
97 0.4046875 0.2796875 0.0765625 0.33515625
3 0.86171875 0.34609375 0.10546875 0.2171875
74 0.09375 0.71640625 0.1046875 0.25859375
56 0.18515625 0.73046875 0.08046875 0.2328125
18 0.28671875 0.70859375 0.1109375 0.29765625
67 0.40859375 0.71640625 0.096875 0.21484375
52 0.5125 0.70625 0.090625 0.275
32 0.62265625 0.703125 0.10625 0.234375
98 0.7484375 0.73515625 0.08828125 0.2375
89 0.85703125 0.73125 0.0984375 0.19609375
7 0.5640625 0.34921875 0.14765625 0.23828125