112 0.2796875 0.359375 0.121875 0.18671875
111 0.4015625 0.3546875 0.11328125 0.18828125
49 0.40234375 0.56171875 0.11328125 0.17109375
61 0.66875 0.56171875 0.10234375 0.16796875
67 0.81953125 0.56953125 0.09140625 0.1609375
56 0.6390625 0.38359375 0.0390625 0.13828125
56 0.73203125 0.38515625 0.0515625 0.13828125
73 0.25703125 0.7390625 0.0484375 0.14375
52 0.3046875 0.7328125 0.04453125 0.15546875
56 0.44296875 0.75546875 0.04765625 0.13046875
58 0.51171875 0.7421875 0.04609375 0.16484375
60 0.571875 0.7515625 0.059375 0.17265625
18 0.25859375 0.909375 0.053125 0.1453125
69 0.321875 0.9109375 0.05703125 0.146875
89 0.4015625 0.91640625 0.03125 0.1390625
99 0.43984375 0.91953125 0.0390625 0.14375
15 0.50546875 0.91875 0.06015625 0.1453125
20 0.56875 0.9140625 0.0546875 0.1234375
20 0.62890625 0.915625 0.05703125 0.1234375
22 0.6953125 0.92265625 0.04765625 0.13203125
22 0.75078125 0.928125 0.06015625 0.14296875
28 0.82265625 0.9265625 0.0421875 0.11328125
1 0.51015625 0.2984375 0.0578125 0.0671875
87 0.59296875 0.303125 0.04921875 0.07734375
94 0.50859375 0.42734375 0.059375 0.075
92 0.5796875 0.42734375 0.0671875 0.06875
50 0.82109375 0.365625 0.10546875 0.1828125
11 0.540625 0.58125 0.09140625 0.128125
36 0.26484375 0.55234375 0.09375 0.1578125
37 0.3796875 0.74609375 0.0578125 0.15234375