49 0.2203125 0.0671875 0.1375 0.1109375
61 0.5421875 0.06484375 0.1375 0.12734375
67 0.7140625 0.0625 0.12734375 0.1203125
18 0.02890625 0.21640625 0.0578125 0.12421875
99 0.10859375 0.21171875 0.08203125 0.1234375
89 0.20859375 0.21484375 0.0484375 0.1125
56 0.26484375 0.2328125 0.06328125 0.08515625
60 0.340625 0.21328125 0.07734375 0.125
52 0.41015625 0.21796875 0.06171875 0.11796875
22 0.64375 0.36875 0.07578125 0.125
22 0.7265625 0.36640625 0.07734375 0.11328125
15 0.5765625 0.36171875 0.07109375 0.12734375
28 0.49453125 0.36796875 0.08515625 0.1078125
24 0.21484375 0.3671875 0.0578125 0.10546875
101 0.725 0.52265625 0.08359375 0.1375
101 0.64921875 0.51484375 0.06796875 0.140625
100 0.57578125 0.51796875 0.07578125 0.13828125
100 0.50703125 0.51640625 0.07421875 0.1484375
79 0.365625 0.52265625 0.0578125 0.10859375
79 0.2953125 0.52578125 0.07421875 0.1078125
79 0.23203125 0.52890625 0.05 0.0984375
79 0.16171875 0.53046875 0.090625 0.0953125
79 0.09375 0.52890625 0.0546875 0.09296875
101 0.7109375 0.6875 0.06953125 0.14296875
106 0.64765625 0.68203125 0.07734375 0.13828125
78 0.575 0.678125 0.07109375 0.1359375
39 0.50546875 0.67734375 0.059375 0.1359375
41 0.4375 0.67265625 0.053125 0.134375
41 0.375 0.67578125 0.07578125 0.1328125
35 0.31015625 0.675 0.08203125 0.1359375
27 0.24453125 0.665625 0.06640625 0.125
25 0.1703125 0.6640625 0.07421875 0.1234375
25 0.1140625 0.66484375 0.0890625 0.11796875
96 0.2734375 0.378125 0.06015625 0.09453125
0 0.34921875 0.37578125 0.07265625 0.09609375
21 0.41875 0.375 0.0609375 0.09609375
40 0.43203125 0.53046875 0.046875 0.1046875
36 0.065625 0.0671875 0.128125 0.125