112 0.22265625 0.18125 0.12890625 0.08203125
111 0.35703125 0.18515625 0.10625 0.084375
56 0.5640625 0.19609375 0.0421875 0.0765625
56 0.65703125 0.19609375 0.07109375 0.0765625
49 0.35703125 0.29375 0.11171875 0.1
61 0.59375 0.29296875 0.11328125 0.0875
67 0.73203125 0.29296875 0.08828125 0.0921875
73 0.20625 0.396875 0.046875 0.08203125
52 0.25703125 0.39453125 0.0515625 0.0828125
56 0.38828125 0.40625 0.0515625 0.0703125
58 0.453125 0.3953125 0.053125 0.096875
60 0.5109375 0.3984375 0.0578125 0.09296875
18 0.2046875 0.49453125 0.06171875 0.0859375
69 0.26328125 0.4984375 0.0546875 0.0875
89 0.33828125 0.5015625 0.03828125 0.09296875
99 0.38515625 0.5015625 0.040625 0.08828125
15 0.4453125 0.5 0.053125 0.08828125
20 0.50625 0.4984375 0.0515625 0.0875
20 0.5609375 0.5015625 0.0515625 0.08359375
22 0.61796875 0.50546875 0.06171875 0.08984375
22 0.6828125 0.50625 0.06484375 0.090625
28 0.75 0.5078125 0.0515625 0.07578125
79 0.21875 0.59375 0.04375 0.078125
79 0.275 0.59765625 0.0609375 0.0796875
79 0.334375 0.59921875 0.0484375 0.0828125
80 0.38984375 0.6015625 0.0546875 0.08359375
24 0.5 0.6015625 0.05546875 0.08203125
25 0.22265625 0.7109375 0.05859375 0.1046875
25 0.278125 0.7125 0.0546875 0.10703125
27 0.3328125 0.71640625 0.0578125 0.1078125
35 0.3921875 0.7171875 0.06171875 0.10859375
41 0.446875 0.71875 0.05 0.1125
39 0.4984375 0.72265625 0.053125 0.11328125
78 0.5515625 0.72109375 0.0609375 0.11015625
106 0.609375 0.7234375 0.0578125 0.11015625
100 0.6671875 0.72109375 0.0578125 0.10546875
101 0.71875 0.7234375 0.05 0.1109375
1 0.44921875 0.1421875 0.0421875 0.053125
87 0.525 0.13359375 0.0421875 0.065625
94 0.44921875 0.21484375 0.0484375 0.03515625
92 0.509375 0.2140625 0.06328125 0.034375
50 0.75234375 0.18046875 0.0953125 0.1046875
11 0.47265625 0.3046875 0.0828125 0.07265625
36 0.23125 0.28515625 0.10546875 0.09453125
40 0.559375 0.6046875 0.0515625 0.0796875
96 0.6140625 0.60546875 0.0515625 0.08359375
21 0.67578125 0.60625 0.0484375 0.07578125
0 0.73203125 0.61328125 0.06328125 0.08515625
37 0.31640625 0.3984375 0.06484375 0.07734375