18 0.16796875 0.15546875 0.1078125 0.2875
99 0.46171875 0.15078125 0.0734375 0.29609375
69 0.275 0.16015625 0.090625 0.27734375
89 0.3875 0.15625 0.0828125 0.2890625
15 0.5796875 0.16484375 0.09453125 0.28046875
20 0.6609375 0.16875 0.065625 0.2296875
20 0.7484375 0.16484375 0.09140625 0.22578125
22 0.86015625 0.1578125 0.0671875 0.2546875
22 0.95703125 0.15859375 0.07734375 0.25
79 0.20703125 0.4734375 0.08203125 0.2171875
79 0.29765625 0.47578125 0.0859375 0.22421875
79 0.38828125 0.4703125 0.08828125 0.215625
79 0.5625 0.45703125 0.09375 0.2296875
79 0.47578125 0.46796875 0.08203125 0.20859375
24 0.64765625 0.44765625 0.0703125 0.23125
40 0.728125 0.44453125 0.09375 0.215625
95 0.8125 0.45625 0.07734375 0.20234375
21 0.90546875 0.46171875 0.06875 0.1953125
0 0.96875 0.44609375 0.06171875 0.21953125
25 0.24140625 0.76484375 0.08515625 0.2328125
25 0.321875 0.7671875 0.07421875 0.2359375
25 0.40234375 0.76171875 0.08203125 0.23828125
35 0.478125 0.75859375 0.07421875 0.25
41 0.5546875 0.75234375 0.08515625 0.23984375
39 0.625 0.7390625 0.06796875 0.2328125
78 0.6859375 0.72890625 0.0890625 0.21875
106 0.7609375 0.73046875 0.0796875 0.2296875
100 0.8375 0.72265625 0.1015625 0.2171875
101 0.9046875 0.72265625 0.084375 0.23671875