73 0.11875 0.090625 0.06484375 0.18125
52 0.1875 0.09140625 0.0796875 0.1828125
56 0.340625 0.0921875 0.0671875 0.17265625
58 0.42421875 0.1 0.065625 0.2
60 0.49375 0.09296875 0.06640625 0.1859375
18 0.15546875 0.30078125 0.0796875 0.17265625
69 0.221875 0.30078125 0.0546875 0.17265625
89 0.30546875 0.30234375 0.053125 0.17265625
99 0.3578125 0.30078125 0.059375 0.178125
15 0.4296875 0.29921875 0.065625 0.17265625
20 0.5 0.28515625 0.053125 0.15078125
20 0.559375 0.29140625 0.0578125 0.15625
22 0.62734375 0.29765625 0.06875 0.16953125
22 0.7 0.296875 0.065625 0.17109375
28 0.7765625 0.29375 0.053125 0.13671875
79 0.20703125 0.4765625 0.04921875 0.128125
79 0.26484375 0.47734375 0.0546875 0.1265625
79 0.32421875 0.48046875 0.05390625 0.1296875
80 0.38359375 0.47578125 0.0546875 0.1234375
24 0.496875 0.478125 0.04921875 0.125
25 0.23671875 0.659375 0.059375 0.1421875
25 0.29296875 0.6625 0.05390625 0.146875
27 0.3484375 0.6640625 0.06015625 0.15234375
35 0.39921875 0.66171875 0.05703125 0.159375
41 0.4515625 0.66328125 0.0484375 0.159375
39 0.49921875 0.665625 0.0515625 0.1640625
78 0.5546875 0.6625 0.05703125 0.1578125
106 0.6078125 0.665625 0.053125 0.15546875
100 0.6609375 0.6609375 0.0546875 0.146875
101 0.7140625 0.66015625 0.05078125 0.14375
40 0.55703125 0.4765625 0.05390625 0.128125
96 0.609375 0.4796875 0.0453125 0.128125
21 0.67890625 0.48671875 0.04765625 0.125
0 0.7390625 0.49140625 0.06015625 0.14921875
37 0.25859375 0.08828125 0.07578125 0.1765625