18 0.08671875 0.1890625 0.0875 0.246875
69 0.1828125 0.1953125 0.09453125 0.2375
89 0.284375 0.19453125 0.06328125 0.24921875
99 0.353125 0.19375 0.0703125 0.2703125
15 0.45703125 0.2140625 0.09453125 0.25
20 0.54765625 0.2203125 0.065625 0.2046875
20 0.628125 0.2296875 0.08125 0.20625
22 0.73359375 0.21171875 0.084375 0.240625
22 0.82265625 0.2203125 0.09296875 0.2296875
28 0.92109375 0.2203125 0.06171875 0.2234375
79 0.1265625 0.48984375 0.07109375 0.2046875
79 0.20859375 0.4953125 0.07578125 0.20546875
79 0.2953125 0.49453125 0.06328125 0.20234375
80 0.37265625 0.50078125 0.078125 0.20078125
79 0.4578125 0.484375 0.07734375 0.23828125
24 0.54140625 0.47890625 0.0703125 0.221875
25 0.146875 0.7765625 0.08046875 0.27265625
25 0.225 0.7796875 0.078125 0.265625
27 0.30078125 0.78984375 0.07890625 0.271875
35 0.3703125 0.78671875 0.07265625 0.27578125
41 0.4578125 0.78984375 0.06953125 0.29140625
41 0.528125 0.78984375 0.07421875 0.290625
78 0.6046875 0.79296875 0.08359375 0.2765625
106 0.68125 0.78828125 0.0734375 0.27578125
100 0.76328125 0.7984375 0.0921875 0.278125
101 0.83671875 0.79765625 0.078125 0.2875
40 0.61328125 0.4875 0.06875 0.2125
96 0.70078125 0.50234375 0.0671875 0.19140625
21 0.790625 0.5140625 0.06328125 0.18515625