112 0.27421875 0.2640625 0.10546875 0.06640625
111 0.3890625 0.2640625 0.12421875 0.06953125
94 0.48046875 0.2828125 0.0546875 0.03046875
93 0.546875 0.27890625 0.05234375 0.028125
1 0.478125 0.2171875 0.05625 0.04765625
88 0.5515625 0.21328125 0.06953125 0.059375
51 0.7625 0.25703125 0.10703125 0.084375
36 0.2671875 0.353125 0.096875 0.08984375
49 0.390625 0.3578125 0.121875 0.0828125
61 0.64609375 0.359375 0.10546875 0.0875
67 0.76328125 0.359375 0.1 0.08125
99 0.4 0.5796875 0.07109375 0.10078125
37 0.340625 0.4734375 0.07109375 0.084375
56 0.39765625 0.47890625 0.0546875 0.07734375
52 0.26640625 0.46640625 0.06640625 0.09140625
58 0.47734375 0.4671875 0.0578125 0.0984375
60 0.540625 0.47109375 0.06484375 0.08984375
69 0.271875 0.57734375 0.06640625 0.09296875
89 0.3515625 0.5796875 0.04921875 0.09296875
15 0.47109375 0.58359375 0.06484375 0.0953125
20 0.5375 0.58515625 0.06484375 0.1
20 0.59296875 0.58125 0.06640625 0.0921875
22 0.7375 0.58515625 0.078125 0.09140625
22 0.6671875 0.584375 0.06640625 0.10078125
28 0.81015625 0.5796875 0.06328125 0.07734375
79 0.46484375 0.69765625 0.06796875 0.10390625
79 0.3375 0.7015625 0.059375 0.08984375
79 0.26640625 0.7015625 0.078125 0.08984375
80 0.3953125 0.70546875 0.06796875 0.09296875
24 0.5296875 0.70546875 0.06640625 0.09765625
40 0.5953125 0.7046875 0.06484375 0.10078125
95 0.659375 0.7109375 0.075 0.1
21 0.73671875 0.7140625 0.06953125 0.09296875
0 0.7984375 0.709375 0.08125 0.1109375
25 0.253125 0.840625 0.08671875 0.1375
25 0.1921875 0.8390625 0.08671875 0.13671875
27 0.3234375 0.84765625 0.08515625 0.146875
35 0.39609375 0.85 0.08359375 0.15078125
41 0.46328125 0.85078125 0.078125 0.14765625
39 0.52265625 0.8515625 0.06484375 0.1453125
106 0.659375 0.85703125 0.06484375 0.15
100 0.72734375 0.86015625 0.06328125 0.14296875
101 0.79609375 0.8625 0.059375 0.15
78 0.5859375 0.85546875 0.08125 0.146875