112 0.46484375 0.61171875 0.07109375 0.071875
111 0.54375 0.6125 0.06640625 0.0640625
1 0.25234375 0.790625 0.07109375 0.053125
88 0.5421875 0.70546875 0.07109375 0.021875
36 0.39453125 0.790625 0.06484375 0.06171875
49 0.3171875 0.61015625 0.07265625 0.0671875
61 0.46796875 0.5125 0.0734375 0.075
67 0.3890625 0.5125 0.06328125 0.075
18 0.54453125 0.51484375 0.0421875 0.075
99 0.32265625 0.78984375 0.034375 0.06328125
56 0.465625 0.70546875 0.0375 0.06640625
52 0.46484375 0.7921875 0.0359375 0.06484375
58 0.28671875 0.70234375 0.1390625 0.0390625
60 0.3921875 0.61328125 0.04375 0.071875
89 0.69140625 0.66171875 0.0609375 0.13671875
15 0.240625 0.61015625 0.03359375 0.0703125
20 0.54765625 0.41171875 0.05625 0.08359375
22 0.3890625 0.4078125 0.06328125 0.075
79 0.2890625 0.2953125 0.0375 0.084375
79 0.371875 0.240625 0.0546875 0.0953125
80 0.3015625 0.178125 0.05078125 0.09296875
21 0.71953125 0.30078125 0.0734375 0.0921875
25 0.46953125 0.18046875 0.05078125 0.09296875
27 0.55625 0.18125 0.05390625 0.09140625
86 0.72578125 0.18125 0.05390625 0.0953125
41 0.22265625 0.2953125 0.04921875 0.08984375
39 0.21484375 0.1765625 0.04765625 0.0953125
72 0.63984375 0.18046875 0.04609375 0.0921875
34 0.465625 0.409375 0.04375 0.0671875
78 0.634375 0.296875 0.04453125 0.08359375
46 0.46796875 0.29765625 0.0421875 0.0859375
47 0.5515625 0.2984375 0.04921875 0.0890625