60 0.6765625 0.1515625 0.0828125 0.10859375
89 0.7515625 0.32421875 0.05390625 0.078125
98 0.68359375 0.31953125 0.059375 0.08984375
32 0.53203125 0.31953125 0.0765625 0.08359375
67 0.4578125 0.31875 0.07109375 0.0859375
18 0.3828125 0.3078125 0.06484375 0.10859375
56 0.31796875 0.32109375 0.06328125 0.08046875
74 0.25859375 0.3171875 0.06484375 0.0859375
78 0.6734375 0.475 0.07109375 0.1421875
109 0.603125 0.47578125 0.08125 0.13984375
34 0.471875 0.471875 0.078125 0.1390625
101 0.4046875 0.4734375 0.0796875 0.13125
100 0.3390625 0.47109375 0.0796875 0.128125
100 0.27265625 0.46796875 0.0765625 0.1234375
79 0.72421875 0.66953125 0.06796875 0.09296875
79 0.66015625 0.66640625 0.07109375 0.0921875
79 0.59609375 0.66328125 0.0609375 0.08984375
82 0.53203125 0.63203125 0.078125 0.1375
35 0.4703125 0.63046875 0.06953125 0.128125
39 0.40625 0.6328125 0.075 0.1265625
41 0.3453125 0.6265625 0.06796875 0.1265625
41 0.290625 0.62265625 0.075 0.1234375
27 0.65859375 0.79140625 0.06953125 0.1203125
27 0.53203125 0.78359375 0.0765625 0.1171875
25 0.47109375 0.7828125 0.0734375 0.11796875
25 0.4109375 0.77890625 0.06328125 0.1140625
25 0.35 0.77265625 0.07265625 0.1125
63 0.2890625 0.77265625 0.06953125 0.11484375
114 0.284375 0.14765625 0.10234375 0.13203125
90 0.753125 0.165625 0.05078125 0.07890625
104 0.7375 0.475 0.06640625 0.13671875
31 0.609375 0.32109375 0.075 0.08671875
66 0.45 0.1671875 0.0578125 0.084375
64 0.40078125 0.16328125 0.040625 0.0875
83 0.7140625 0.796875 0.06484375 0.12265625
107 0.5375 0.4765625 0.0734375 0.134375