112 0.30625 0.234375 0.11953125 0.0921875
112 0.4390625 0.2359375 0.12265625 0.0859375
111 0.56875 0.23671875 0.10859375 0.0875
56 0.66640625 0.24296875 0.06796875 0.07265625
56 0.75546875 0.246875 0.05 0.07734375
49 0.4390625 0.34140625 0.11328125 0.0953125
61 0.696875 0.34375 0.11171875 0.09765625
67 0.8328125 0.3484375 0.0890625 0.08984375
18 0.26484375 0.45078125 0.07578125 0.10078125
99 0.33203125 0.453125 0.05 0.09609375
89 0.415625 0.45234375 0.03359375 0.0953125
56 0.465625 0.4671875 0.0609375 0.0703125
60 0.528125 0.45546875 0.06484375 0.096875
52 0.5828125 0.45703125 0.046875 0.0953125
20 0.284375 0.56328125 0.0578125 0.0921875
20 0.3421875 0.565625 0.05625 0.0921875
28 0.64375 0.571875 0.0609375 0.0828125
15 0.7046875 0.56796875 0.06640625 0.096875
22 0.76328125 0.57265625 0.078125 0.08828125
22 0.8359375 0.57421875 0.0578125 0.0921875
79 0.28046875 0.69375 0.053125 0.08515625
79 0.3453125 0.6984375 0.06171875 0.09453125
79 0.40390625 0.690625 0.0546875 0.084375
79 0.4625 0.68828125 0.06328125 0.1
79 0.521875 0.68671875 0.06640625 0.0984375
100 0.6359375 0.68359375 0.06796875 0.10703125
100 0.70234375 0.68671875 0.06171875 0.1125
101 0.75546875 0.6859375 0.05625 0.103125
101 0.815625 0.68828125 0.053125 0.1109375
25 0.28828125 0.8140625 0.05859375 0.103125
25 0.3453125 0.81640625 0.05859375 0.1078125
27 0.4078125 0.81484375 0.05546875 0.10078125
35 0.4640625 0.81875 0.0578125 0.1125
41 0.52421875 0.82109375 0.05859375 0.115625
41 0.57890625 0.81640625 0.0515625 0.10859375
39 0.63359375 0.81875 0.06328125 0.11015625
78 0.68828125 0.81875 0.0546875 0.109375
106 0.746875 0.8171875 0.06953125 0.1125
101 0.803125 0.8203125 0.0515625 0.11328125
51 0.83515625 0.2453125 0.10703125 0.08203125
11 0.5671875 0.3515625 0.103125 0.0859375
96 0.4578125 0.5703125 0.053125 0.0859375
36 0.31015625 0.3421875 0.1 0.1
40 0.5734375 0.69296875 0.046875 0.09296875
24 0.40234375 0.5640625 0.05859375 0.09296875