112 0.31640625 0.25546875 0.17109375 0.22578125
111 0.50078125 0.253125 0.16484375 0.25546875
36 0.28984375 0.5375 0.16953125 0.2328125
49 0.49453125 0.5328125 0.1671875 0.24296875
61 0.8421875 0.51796875 0.15 0.2140625
37 0.45234375 0.81171875 0.09140625 0.22421875
56 0.5515625 0.81796875 0.07578125 0.20390625
56 0.81640625 0.27109375 0.05703125 0.2
56 0.9359375 0.271875 0.07734375 0.20078125
60 0.71328125 0.79375 0.103125 0.23984375
52 0.3453125 0.81953125 0.06796875 0.25
93 0.74140625 0.328125 0.08828125 0.07734375
1 0.64765625 0.14375 0.0828125 0.13515625
94 0.64375 0.33125 0.0890625 0.08515625
88 0.753125 0.13125 0.0671875 0.1609375
73 0.2703125 0.83046875 0.0765625 0.22421875
58 0.62578125 0.796875 0.0890625 0.23984375