112 0.21640625 0.26328125 0.134375 0.1921875
111 0.3625 0.2453125 0.125 0.2171875
56 0.6125 0.278125 0.04453125 0.1625
56 0.73046875 0.27734375 0.04921875 0.14921875
49 0.35390625 0.4828125 0.13046875 0.18984375
61 0.65546875 0.48359375 0.125 0.18515625
67 0.80390625 0.48125 0.10234375 0.18125
73 0.18359375 0.7046875 0.0546875 0.17109375
52 0.246875 0.7015625 0.05625 0.18671875
56 0.39375 0.72421875 0.0484375 0.16640625
58 0.47734375 0.7046875 0.059375 0.20390625
60 0.5484375 0.7046875 0.06484375 0.20390625
18 0.18828125 0.91171875 0.06328125 0.17578125
69 0.265625 0.91171875 0.0546875 0.16484375
89 0.3453125 0.91484375 0.03515625 0.16875
99 0.390625 0.91328125 0.04375 0.1734375
15 0.4765625 0.915625 0.06640625 0.1671875
20 0.5453125 0.91015625 0.059375 0.15234375
20 0.61328125 0.90859375 0.0671875 0.14921875
22 0.69140625 0.91484375 0.05703125 0.15625
22 0.753125 0.9171875 0.0734375 0.1640625
28 0.8375 0.9125 0.06015625 0.146875
1 0.4734375 0.17578125 0.059375 0.103125
87 0.56015625 0.1671875 0.053125 0.1265625
94 0.46875 0.334375 0.0671875 0.0671875
92 0.5515625 0.33125 0.06875 0.06484375
36 0.19765625 0.47890625 0.1109375 0.18359375
37 0.32265625 0.7140625 0.07109375 0.1578125
50 0.828125 0.24921875 0.09921875 0.21875