112 0.2 0.18515625 0.1375 0.1046875
111 0.353125 0.1890625 0.1375 0.10234375
56 0.596875 0.1953125 0.04375 0.084375
56 0.6953125 0.19375 0.07265625 0.09453125
49 0.35 0.30546875 0.11953125 0.11328125
61 0.6484375 0.30625 0.11171875 0.10234375
67 0.778125 0.30859375 0.10703125 0.10859375
73 0.184375 0.4296875 0.0546875 0.0921875
52 0.23515625 0.425 0.059375 0.10078125
56 0.38515625 0.43359375 0.06484375 0.078125
58 0.45546875 0.4234375 0.0578125 0.1
60 0.52578125 0.42890625 0.07421875 0.115625
18 0.18828125 0.53828125 0.05625 0.0984375
69 0.240625 0.53671875 0.0484375 0.09765625
89 0.3375 0.53671875 0.0421875 0.09375
99 0.378125 0.53984375 0.0390625 0.0953125
15 0.45625 0.53984375 0.06796875 0.09765625
20 0.521875 0.534375 0.0609375 0.0859375
20 0.58203125 0.53515625 0.06015625 0.0859375
22 0.65078125 0.5390625 0.07109375 0.09296875
22 0.721875 0.54140625 0.07109375 0.1015625
28 0.78984375 0.5421875 0.05625 0.08203125
79 0.19921875 0.64296875 0.0515625 0.0859375
79 0.2671875 0.6421875 0.05859375 0.0875
79 0.32734375 0.64296875 0.05 0.090625
80 0.40234375 0.640625 0.0484375 0.08203125
79 0.44921875 0.64453125 0.0578125 0.08984375
24 0.5140625 0.6421875 0.0578125 0.0828125
25 0.20703125 0.76953125 0.0578125 0.1125
25 0.26875 0.76953125 0.06640625 0.11015625
27 0.3296875 0.76875 0.06015625 0.10859375
35 0.38984375 0.76875 0.06328125 0.115625
41 0.4484375 0.7703125 0.05546875 0.10859375
39 0.5046875 0.7703125 0.06328125 0.1109375
78 0.5625 0.771875 0.0546875 0.1140625
106 0.6234375 0.7734375 0.06796875 0.1171875
100 0.684375 0.7703125 0.06484375 0.11328125
101 0.7484375 0.7734375 0.06328125 0.11796875
1 0.46171875 0.13359375 0.05625 0.0671875
87 0.54921875 0.12890625 0.0546875 0.08046875
94 0.45625 0.2203125 0.06015625 0.03828125
92 0.53125 0.2203125 0.06796875 0.03828125
11 0.490625 0.31484375 0.0984375 0.0890625
37 0.309375 0.42734375 0.07109375 0.0921875
36 0.19375 0.3 0.12109375 0.1078125
40 0.57421875 0.646875 0.053125 0.084375
96 0.63515625 0.64609375 0.0546875 0.08203125
0 0.7640625 0.65390625 0.06171875 0.0984375
21 0.70234375 0.65390625 0.05625 0.0921875
51 0.78203125 0.175 0.11484375 0.1234375