111 0.12890625 0.43984375 0.17109375 0.15546875
50 0.68203125 0.4515625 0.1390625 0.14296875
49 0.1328125 0.60625 0.16328125 0.13984375
61 0.484375 0.596875 0.13515625 0.11875
67 0.6703125 0.6 0.12578125 0.1203125
99 0.17421875 0.896875 0.06015625 0.13125
37 0.09453125 0.7578125 0.0890625 0.1109375
56 0.1890625 0.75859375 0.08203125 0.11015625
56 0.46015625 0.46875 0.08046875 0.10546875
56 0.57734375 0.46875 0.06328125 0.1046875
60 0.3640625 0.74453125 0.08125 0.1328125
93 0.3734375 0.50078125 0.08203125 0.04921875
1 0.284375 0.4015625 0.07890625 0.07265625
94 0.27734375 0.49453125 0.07734375 0.04296875
88 0.38515625 0.40390625 0.06796875 0.06796875
58 0.27109375 0.7453125 0.07734375 0.1296875
69 0.02890625 0.90078125 0.0578125 0.1359375
89 0.11484375 0.89921875 0.0578125 0.1359375
15 0.28046875 0.896875 0.07734375 0.1375
20 0.36171875 0.86796875 0.07734375 0.08359375
20 0.45 0.86875 0.07734375 0.09296875
22 0.53125 0.875 0.08046875 0.1078125
22 0.6140625 0.8765625 0.06953125 0.11328125
28 0.6984375 0.86875 0.08125 0.09765625