112 0.175 0.24375 0.121875 0.0953125
111 0.3078125 0.23671875 0.12265625 0.1109375
94 0.40546875 0.27421875 0.059375 0.0328125
93 0.484375 0.27578125 0.06328125 0.03671875
1 0.409375 0.1921875 0.07265625 0.0671875
88 0.490625 0.1859375 0.06328125 0.0703125
51 0.73984375 0.234375 0.134375 0.1125
36 0.171875 0.35703125 0.10390625 0.1
49 0.31015625 0.359375 0.134375 0.10390625
61 0.6 0.3578125 0.12890625 0.1125
67 0.73671875 0.359375 0.1125 0.10546875
18 0.1625 0.59296875 0.05390625 0.10078125
99 0.33828125 0.59375 0.04921875 0.096875
37 0.278125 0.484375 0.0625 0.08125
56 0.35 0.49140625 0.06640625 0.08046875
73 0.15625 0.48203125 0.0578125 0.08984375
52 0.20625 0.47890625 0.0734375 0.09453125
58 0.4203125 0.478125 0.0625 0.10078125
60 0.4890625 0.48203125 0.08125 0.10546875
69 0.221875 0.59375 0.05625 0.09765625
89 0.296875 0.58984375 0.04375 0.09453125
15 0.42734375 0.59140625 0.059375 0.0953125
20 0.55703125 0.59453125 0.06640625 0.09296875
20 0.4890625 0.58828125 0.07265625 0.0875
22 0.6875 0.59921875 0.08671875 0.10234375
22 0.62109375 0.59453125 0.0734375 0.09296875
28 0.765625 0.59296875 0.07265625 0.07890625
79 0.42265625 0.70234375 0.06328125 0.09140625
79 0.3578125 0.70078125 0.0625 0.08125
79 0.29296875 0.70546875 0.0625 0.0921875
79 0.2296875 0.7078125 0.07265625 0.09140625
79 0.171875 0.70234375 0.04609375 0.0953125
24 0.4859375 0.703125 0.06328125 0.08671875
40 0.5515625 0.70234375 0.059375 0.09140625
95 0.61171875 0.71484375 0.06640625 0.09296875
21 0.68359375 0.7140625 0.0625 0.09140625
0 0.7453125 0.71796875 0.06328125 0.10625
25 0.24140625 0.825 0.07265625 0.10078125
25 0.18515625 0.8234375 0.07265625 0.10390625
27 0.3078125 0.8265625 0.06796875 0.11171875
35 0.36640625 0.83515625 0.0734375 0.121875
41 0.42578125 0.840625 0.059375 0.11796875
39 0.48515625 0.840625 0.06796875 0.125
106 0.61015625 0.8390625 0.06328125 0.12265625
100 0.67265625 0.83984375 0.06328125 0.11484375
101 0.73671875 0.83984375 0.078125 0.12578125
78 0.54765625 0.834375 0.05625 0.1125