112 0.24609375 0.284375 0.10703125 0.18203125
111 0.3609375 0.2828125 0.1015625 0.17890625
56 0.571875 0.3078125 0.04296875 0.13203125
56 0.65703125 0.3125 0.0671875 0.1375
49 0.36640625 0.478125 0.10390625 0.1609375
61 0.6046875 0.47109375 0.09609375 0.1453125
67 0.73671875 0.46796875 0.08359375 0.1453125
73 0.23125 0.646875 0.04296875 0.14296875
52 0.275 0.63671875 0.04375 0.14296875
56 0.40078125 0.6515625 0.05078125 0.12265625
58 0.4625 0.63828125 0.0546875 0.15234375
60 0.51484375 0.64140625 0.05078125 0.1546875
18 0.24375 0.7953125 0.04296875 0.12265625
69 0.29765625 0.79296875 0.03828125 0.1234375
89 0.3625 0.78984375 0.03125 0.1234375
99 0.39921875 0.79453125 0.0359375 0.13046875
15 0.4609375 0.8 0.0546875 0.1296875
20 0.51484375 0.7796875 0.03828125 0.10234375
20 0.56796875 0.77734375 0.04921875 0.09453125
22 0.6296875 0.8 0.04296875 0.12109375
22 0.6875 0.79921875 0.04921875 0.1296875
79 0.2578125 0.93125 0.0421875 0.1078125
79 0.31015625 0.934375 0.0546875 0.1109375
79 0.36328125 0.93203125 0.0421875 0.10234375
80 0.4078125 0.92890625 0.04765625 0.10625
79 0.4640625 0.928125 0.053125 0.09921875
24 0.51015625 0.93359375 0.0421875 0.10859375
1 0.4578125 0.23203125 0.05703125 0.08515625
87 0.52734375 0.234375 0.0484375 0.06875
94 0.45234375 0.34765625 0.0484375 0.06484375
92 0.5171875 0.3484375 0.059375 0.06171875
11 0.47890625 0.48125 0.084375 0.103125
36 0.246875 0.46875 0.103125 0.146875
37 0.33984375 0.640625 0.0546875 0.1390625
50 0.7421875 0.28515625 0.0984375 0.1609375
40 0.56796875 0.9375 0.04296875 0.1109375
96 0.6171875 0.94453125 0.04453125 0.109375
0 0.72109375 0.9390625 0.0515625 0.121875