20 0.6234375 0.62109375 0.0578125 0.096875
20 0.5640625 0.6171875 0.0546875 0.09296875
20 0.48671875 0.61796875 0.05390625 0.103125
79 0.296875 0.42578125 0.0609375 0.0984375
79 0.36171875 0.4296875 0.06328125 0.09765625
79 0.43828125 0.43046875 0.0578125 0.09765625
79 0.49375 0.43046875 0.059375 0.0984375
79 0.5734375 0.421875 0.06796875 0.1171875
24 0.434375 0.6125 0.0609375 0.103125
24 0.353125 0.61015625 0.06328125 0.10546875
40 0.29375 0.61328125 0.06640625 0.10546875
25 0.4859375 0.9359375 0.075 0.12734375
25 0.425 0.93125 0.06328125 0.12578125
25 0.3546875 0.93203125 0.06640625 0.1359375
27 0.54765625 0.93203125 0.0625 0.13203125
27 0.61015625 0.93125 0.06171875 0.1375
35 0.29375 0.9328125 0.05703125 0.13359375
41 0.4265625 0.76640625 0.0578125 0.14140625
41 0.490625 0.78046875 0.07265625 0.1515625
39 0.5578125 0.765625 0.06484375 0.1375
39 0.61953125 0.7703125 0.06640625 0.14765625
106 0.35859375 0.203125 0.06640625 0.13984375
106 0.2921875 0.2015625 0.06640625 0.14453125
101 0.43125 0.203125 0.06953125 0.153125
101 0.50390625 0.20390625 0.07109375 0.1453125
101 0.57109375 0.20546875 0.06328125 0.15078125
101 0.63984375 0.1984375 0.0734375 0.15625
78 0.35703125 0.7640625 0.06953125 0.14765625
78 0.296875 0.7671875 0.0578125 0.1515625