18 0.13515625 0.2390625 0.08046875 0.2125
99 0.3640625 0.2453125 0.0484375 0.228125
69 0.221875 0.24296875 0.0578125 0.1921875
89 0.3078125 0.24296875 0.04453125 0.20078125
15 0.45625 0.2609375 0.06875 0.20859375
20 0.5328125 0.2609375 0.06484375 0.1796875
20 0.60625 0.2640625 0.07421875 0.17421875
22 0.6859375 0.253125 0.065625 0.1984375
22 0.7625 0.25625 0.08046875 0.1984375
28 0.8484375 0.246875 0.07109375 0.1765625
79 0.16328125 0.4890625 0.06015625 0.16953125
79 0.2359375 0.5 0.07578125 0.16953125
79 0.30546875 0.49765625 0.05625 0.16953125
79 0.4515625 0.48984375 0.06328125 0.20390625
79 0.37578125 0.5 0.0765625 0.175
24 0.52109375 0.49921875 0.0703125 0.19375
40 0.59296875 0.49765625 0.07109375 0.178125
95 0.66484375 0.5109375 0.065625 0.16796875
21 0.74140625 0.51484375 0.07109375 0.175
0 0.80703125 0.51796875 0.059375 0.1796875
25 0.175 0.74453125 0.07109375 0.2359375
25 0.253125 0.7453125 0.0546875 0.24296875
25 0.31875 0.74453125 0.0703125 0.22734375
35 0.3828125 0.7453125 0.0734375 0.23125
41 0.44921875 0.74375 0.06171875 0.22265625
39 0.5140625 0.746875 0.065625 0.23125
78 0.57421875 0.74921875 0.07890625 0.234375
106 0.640625 0.75625 0.0671875 0.24453125
100 0.7109375 0.75546875 0.0890625 0.2484375
101 0.77734375 0.7609375 0.0734375 0.23984375