114 0.3015625 0.20546875 0.13203125 0.0859375
64 0.40859375 0.20390625 0.06484375 0.09140625
66 0.475 0.2140625 0.05625 0.07578125
33 0.57890625 0.19609375 0.12734375 0.1125
73 0.6984375 0.20859375 0.06328125 0.08671875
90 0.7734375 0.2140625 0.059375 0.07734375
89 0.75859375 0.36015625 0.05390625 0.078125
98 0.69765625 0.3625 0.0609375 0.08046875
32 0.6203125 0.3578125 0.06484375 0.0953125
53 0.54609375 0.3578125 0.07109375 0.10390625
67 0.47890625 0.3609375 0.06328125 0.08359375
18 0.4125 0.35234375 0.06953125 0.10234375
56 0.33671875 0.3640625 0.0609375 0.075
74 0.265625 0.35625 0.07109375 0.0828125
43 0.7484375 0.528125 0.06796875 0.10390625
109 0.6828125 0.51953125 0.06328125 0.13046875
109 0.615625 0.51484375 0.06796875 0.13984375
34 0.4796875 0.5125 0.08515625 0.1375
101 0.4125 0.5140625 0.078125 0.13984375
100 0.34765625 0.50859375 0.09140625 0.13046875
100 0.28046875 0.5109375 0.08125 0.13203125
79 0.73359375 0.70546875 0.06328125 0.0890625
79 0.675 0.7046875 0.05390625 0.0859375
79 0.6078125 0.703125 0.06328125 0.0953125
82 0.5453125 0.675 0.075 0.14140625
39 0.47890625 0.684375 0.06640625 0.13984375
39 0.41171875 0.68359375 0.0734375 0.13203125
41 0.3453125 0.68359375 0.0796875 0.13671875
41 0.28359375 0.6859375 0.08359375 0.14140625
84 0.72734375 0.83828125 0.06484375 0.1265625
35 0.6640625 0.8390625 0.06953125 0.13203125
75 0.6046875 0.834375 0.04921875 0.1171875
26 0.54296875 0.8375 0.06484375 0.134375
27 0.48125 0.83203125 0.0625 0.128125
27 0.41484375 0.83203125 0.06640625 0.13359375
25 0.35 0.83671875 0.08125 0.12578125
25 0.29140625 0.8359375 0.07109375 0.125