112 0.23984375 0.26875 0.08671875 0.084375
111 0.359375 0.25546875 0.10546875 0.103125
94 0.45 0.2875 0.0609375 0.03046875
93 0.5125 0.28671875 0.0578125 0.025
88 0.51875 0.21171875 0.04765625 0.0609375
50 0.72109375 0.2484375 0.09140625 0.10859375
36 0.25 0.36171875 0.07265625 0.0859375
49 0.36484375 0.365625 0.10390625 0.084375
61 0.6171875 0.3578125 0.11171875 0.09453125
67 0.7328125 0.35625 0.10234375 0.09765625
99 0.39609375 0.57109375 0.04375 0.0953125
37 0.33671875 0.4703125 0.05234375 0.08125
56 0.40234375 0.475 0.04921875 0.0671875
53 0.2640625 0.4671875 0.05078125 0.0921875
58 0.4640625 0.46484375 0.059375 0.096875
60 0.5203125 0.4671875 0.06796875 0.0984375
69 0.2875 0.57109375 0.05625 0.078125
89 0.3546875 0.56796875 0.0375 0.0921875
15 0.4609375 0.5703125 0.06484375 0.0875
20 0.58125 0.56171875 0.0625 0.078125
20 0.521875 0.56171875 0.0625 0.08125
22 0.6953125 0.565625 0.059375 0.08046875
22 0.6390625 0.5671875 0.05625 0.0875
28 0.76171875 0.5640625 0.05390625 0.071875
79 0.46484375 0.6703125 0.05390625 0.08125
79 0.353125 0.6703125 0.04921875 0.08359375
79 0.28984375 0.67734375 0.0625 0.08046875
80 0.409375 0.6703125 0.0578125 0.07265625
24 0.5203125 0.66640625 0.05625 0.08125
40 0.57734375 0.66953125 0.05234375 0.084375
21 0.696875 0.671875 0.059375 0.0875
25 0.24375 0.78671875 0.0765625 0.1125
27 0.30078125 0.7875 0.06328125 0.10546875
41 0.465625 0.78515625 0.0609375 0.0984375
39 0.5234375 0.78125 0.05234375 0.10234375
86 0.415625 0.78359375 0.0625 0.10546875
72 0.3625 0.78203125 0.05625 0.1
103 0.634375 0.78203125 0.0625 0.10546875
48 0.6328125 0.671875 0.05625 0.0890625
34 0.7515625 0.6703125 0.05625 0.0953125
78 0.57421875 0.78359375 0.06953125 0.109375
46 0.74609375 0.7828125 0.0625 0.10078125
47 0.68828125 0.784375 0.0546875 0.1109375