64 0.4390625 0.30625 0.05078125 0.08046875
66 0.49453125 0.31328125 0.034375 0.0640625
10 0.60546875 0.31015625 0.08828125 0.071875
73 0.7015625 0.303125 0.05234375 0.08125
3 0.76328125 0.3109375 0.05625 0.0703125
112 0.33359375 0.2984375 0.12265625 0.09765625
89 0.76015625 0.4421875 0.05078125 0.08359375
98 0.7 0.44375 0.0578125 0.0828125
52 0.559375 0.43671875 0.05625 0.0921875
67 0.49375 0.44453125 0.059375 0.07734375
18 0.42109375 0.434375 0.0609375 0.09296875
56 0.36640625 0.4453125 0.04453125 0.07734375
74 0.296875 0.44375 0.06328125 0.078125
43 0.74921875 0.5796875 0.04609375 0.10625
109 0.68984375 0.56875 0.04921875 0.1234375
109 0.62734375 0.5671875 0.059375 0.125
68 0.56640625 0.56875 0.0625 0.13125
34 0.49609375 0.56875 0.06328125 0.13203125
101 0.4359375 0.5671875 0.0625 0.12890625
100 0.3703125 0.56484375 0.07265625 0.13125
100 0.3046875 0.5671875 0.0734375 0.12578125
79 0.73828125 0.74140625 0.05078125 0.08671875
79 0.67734375 0.74296875 0.04921875 0.0921875
79 0.61875 0.74375 0.05078125 0.08984375
82 0.55546875 0.71875 0.06640625 0.1375
39 0.49296875 0.72109375 0.0578125 0.13125
39 0.43203125 0.7234375 0.06796875 0.1359375
41 0.36796875 0.72265625 0.06484375 0.13046875
41 0.30859375 0.721875 0.0625 0.12890625
84 0.728125 0.86953125 0.059375 0.1265625
35 0.67109375 0.87421875 0.0546875 0.128125
75 0.6125 0.87265625 0.05625 0.13125
27 0.553125 0.87265625 0.059375 0.128125
27 0.4921875 0.87109375 0.06328125 0.128125
27 0.43125 0.86796875 0.06328125 0.1234375
25 0.3703125 0.87109375 0.0578125 0.1265625
25 0.309375 0.87421875 0.06640625 0.12890625