18 0.1796875 0.13828125 0.071875 0.20390625
99 0.39140625 0.140625 0.05625 0.2140625
69 0.25390625 0.1296875 0.0703125 0.20390625
89 0.33828125 0.1328125 0.05078125 0.2
15 0.47421875 0.146875 0.07109375 0.215625
20 0.5421875 0.12890625 0.05390625 0.18515625
20 0.61171875 0.13359375 0.065625 0.18125
22 0.6921875 0.1421875 0.06875 0.1953125
22 0.7765625 0.14453125 0.07421875 0.19140625
28 0.86015625 0.12421875 0.06875 0.1640625
79 0.21171875 0.34140625 0.06171875 0.159375
79 0.27734375 0.35 0.0703125 0.159375
79 0.34375 0.3515625 0.06171875 0.15625
79 0.46875 0.34375 0.06484375 0.1578125
79 0.40625 0.35 0.06015625 0.15625
24 0.5328125 0.35234375 0.05625 0.1640625
40 0.60625 0.3578125 0.06328125 0.175
95 0.665625 0.3609375 0.05703125 0.16640625
21 0.734375 0.365625 0.05703125 0.17109375
0 0.7984375 0.3625 0.06796875 0.175
25 0.24453125 0.54921875 0.06015625 0.16953125
25 0.3015625 0.55859375 0.06015625 0.17421875
25 0.36171875 0.5546875 0.059375 0.16953125
35 0.41640625 0.55234375 0.05078125 0.16640625
41 0.4703125 0.56484375 0.059375 0.175
39 0.52734375 0.56640625 0.05390625 0.18125
78 0.584375 0.56640625 0.0578125 0.175
106 0.640625 0.56328125 0.05703125 0.16640625
100 0.69765625 0.57421875 0.06328125 0.1828125
101 0.75625 0.57109375 0.05703125 0.1796875