112 0.22890625 0.26328125 0.11015625 0.1140625
111 0.35625 0.2609375 0.12265625 0.11640625
94 0.4578125 0.30546875 0.0625 0.0359375
93 0.52890625 0.3046875 0.06796875 0.03359375
1 0.45859375 0.22421875 0.06328125 0.0578125
88 0.5421875 0.22734375 0.05390625 0.0484375
50 0.7828125 0.26328125 0.11015625 0.109375
36 0.2390625 0.38515625 0.08125 0.1
49 0.35 0.38515625 0.121875 0.1
61 0.6265625 0.38125 0.12734375 0.10390625
67 0.76640625 0.3828125 0.09296875 0.10546875
99 0.3921875 0.59375 0.04609375 0.0828125
37 0.33203125 0.49765625 0.07109375 0.08984375
56 0.40234375 0.5046875 0.0609375 0.078125
53 0.25859375 0.4921875 0.0609375 0.10078125
58 0.47265625 0.4890625 0.05625 0.08984375
60 0.5328125 0.49296875 0.0765625 0.1
69 0.2796875 0.59765625 0.059375 0.0875
89 0.35625 0.5953125 0.02890625 0.0828125
15 0.4671875 0.59765625 0.06640625 0.0875
20 0.5828125 0.58359375 0.0546875 0.0703125
20 0.528125 0.58359375 0.05234375 0.06640625
22 0.7046875 0.58984375 0.06640625 0.08359375
22 0.64765625 0.5921875 0.05390625 0.0859375
28 0.7734375 0.58671875 0.07109375 0.06875
79 0.46796875 0.68359375 0.05078125 0.0734375
79 0.3515625 0.68671875 0.04609375 0.07578125
79 0.2890625 0.68828125 0.0609375 0.071875
80 0.41015625 0.684375 0.05625 0.07265625
24 0.52265625 0.684375 0.0609375 0.06875
40 0.5765625 0.68125 0.05625 0.05859375
21 0.70234375 0.68359375 0.04765625 0.06953125
25 0.25078125 0.79609375 0.05078125 0.0828125
27 0.29921875 0.79140625 0.0546875 0.09453125
86 0.41171875 0.7953125 0.06484375 0.10390625
41 0.4671875 0.79140625 0.05234375 0.096875
39 0.52265625 0.7875 0.0546875 0.08984375
100 0.684375 0.7859375 0.04921875 0.09140625
101 0.73515625 0.7828125 0.0609375 0.08984375
72 0.35703125 0.79609375 0.0546875 0.096875
103 0.62578125 0.7890625 0.05390625 0.09765625
48 0.6390625 0.68984375 0.059375 0.08359375
34 0.759375 0.6828125 0.0578125 0.07890625
78 0.5734375 0.7875 0.04765625 0.09453125