112 0.2765625 0.2515625 0.11796875 0.09453125
111 0.3890625 0.24921875 0.0984375 0.08984375
56 0.59921875 0.2640625 0.03359375 0.0671875
56 0.68046875 0.2640625 0.0359375 0.0703125
49 0.39296875 0.353125 0.11484375 0.08828125
61 0.62890625 0.35 0.096875 0.078125
67 0.7390625 0.3484375 0.08125 0.0796875
73 0.2546875 0.459375 0.046875 0.0765625
52 0.29921875 0.45 0.0484375 0.08359375
56 0.4296875 0.46171875 0.0390625 0.06328125
58 0.48984375 0.45 0.0515625 0.0875
60 0.53984375 0.45078125 0.0578125 0.0875
18 0.25625 0.56015625 0.06171875 0.0875
69 0.31796875 0.553125 0.05 0.0859375
89 0.38671875 0.55078125 0.0421875 0.0828125
99 0.42421875 0.5484375 0.046875 0.08046875
15 0.48125 0.54609375 0.06328125 0.08515625
20 0.53125 0.54296875 0.04140625 0.0734375
20 0.58515625 0.53984375 0.0609375 0.0703125
22 0.64375 0.540625 0.0546875 0.0734375
22 0.7015625 0.53984375 0.0609375 0.07734375
28 0.75234375 0.5328125 0.040625 0.06796875
79 0.2640625 0.65546875 0.059375 0.084375
79 0.31875 0.653125 0.0546875 0.08203125
79 0.3734375 0.64453125 0.0546875 0.0734375
80 0.428125 0.640625 0.0546875 0.075
79 0.4796875 0.6375 0.053125 0.0703125
24 0.53203125 0.6359375 0.0515625 0.0796875
25 0.27265625 0.7625 0.05859375 0.09453125
25 0.328125 0.75859375 0.0515625 0.09453125
27 0.38125 0.75625 0.0578125 0.096875
35 0.43046875 0.75234375 0.05 0.0921875
41 0.484375 0.7484375 0.06171875 0.09765625
39 0.5328125 0.74296875 0.05625 0.0953125
78 0.5828125 0.73984375 0.05859375 0.090625
106 0.628125 0.7375 0.05859375 0.09296875
100 0.678125 0.728125 0.053125 0.090625
1 0.4984375 0.2140625 0.04375 0.0484375
87 0.5578125 0.2078125 0.0390625 0.05703125
94 0.48828125 0.284375 0.0578125 0.0359375
92 0.54921875 0.28359375 0.06015625 0.034375
40 0.5828125 0.6359375 0.05 0.07578125
96 0.63046875 0.6296875 0.0453125 0.06953125
21 0.6875 0.628125 0.046875 0.065625
0 0.7375 0.63203125 0.0515625 0.0734375
36 0.26953125 0.35390625 0.0984375 0.08828125
37 0.37109375 0.45625 0.05859375 0.07109375
51 0.74296875 0.25546875 0.0921875 0.09453125
11 0.50625 0.3640625 0.0875 0.0703125