112 0.24296875 0.253125 0.0984375 0.08125
111 0.35078125 0.253125 0.12890625 0.07734375
94 0.44453125 0.27890625 0.0546875 0.03046875
93 0.503125 0.2796875 0.06328125 0.03359375
1 0.4390625 0.21015625 0.059375 0.0484375
88 0.509375 0.20703125 0.05234375 0.059375
51 0.72265625 0.24609375 0.11171875 0.0953125
36 0.240625 0.34921875 0.08828125 0.08984375
49 0.34765625 0.35234375 0.11171875 0.08984375
61 0.5921875 0.35078125 0.1 0.09140625
67 0.71015625 0.35234375 0.08984375 0.08671875
99 0.37265625 0.5578125 0.05625 0.0953125
37 0.3140625 0.4609375 0.0609375 0.075
56 0.38125 0.46171875 0.05625 0.0703125
52 0.2453125 0.45625 0.05078125 0.0875
58 0.4484375 0.4546875 0.0546875 0.0953125
60 0.503125 0.4578125 0.06484375 0.0953125
69 0.25859375 0.56015625 0.04765625 0.09453125
89 0.3328125 0.56171875 0.04375 0.0953125
15 0.44453125 0.5609375 0.06640625 0.09296875
20 0.5578125 0.56484375 0.05078125 0.08359375
20 0.50234375 0.559375 0.0578125 0.0859375
22 0.68203125 0.56171875 0.06484375 0.0828125
22 0.6203125 0.56171875 0.06328125 0.0875
28 0.7515625 0.55703125 0.059375 0.06640625
79 0.2625 0.66796875 0.0625 0.08125
79 0.32578125 0.6734375 0.04921875 0.0859375
79 0.4375 0.66484375 0.05390625 0.09765625
80 0.384375 0.67265625 0.05625 0.08046875
24 0.4984375 0.6671875 0.059375 0.09140625
40 0.55625 0.66328125 0.0625 0.0875
95 0.62109375 0.671875 0.05390625 0.0921875
21 0.67734375 0.6734375 0.0578125 0.0859375
0 0.740625 0.6703125 0.0609375 0.08671875
25 0.2578125 0.7984375 0.06328125 0.11484375
25 0.2 0.78984375 0.07109375 0.121875
27 0.31953125 0.79765625 0.0609375 0.1109375
35 0.378125 0.79375 0.0625 0.11640625
41 0.4359375 0.79609375 0.06484375 0.12265625
39 0.49375 0.7890625 0.05078125 0.109375
106 0.6109375 0.79375 0.05390625 0.125
100 0.66875 0.79375 0.059375 0.11171875
101 0.72890625 0.7890625 0.0609375 0.1140625
78 0.55078125 0.7921875 0.05625 0.11484375