18 0.28125 0.3796875 0.0875 0.1625
99 0.57734375 0.3828125 0.06015625 0.1671875
37 0.50078125 0.1984375 0.1078125 0.15625
56 0.6109375 0.21484375 0.096875 0.13046875
60 0.8328125 0.19921875 0.10078125 0.17109375
52 0.37265625 0.1890625 0.07109375 0.165625
73 0.2890625 0.1953125 0.07890625 0.14375
58 0.72578125 0.1953125 0.08125 0.17265625
69 0.3828125 0.38671875 0.103125 0.15
89 0.51484375 0.3828125 0.053125 0.16015625
15 0.68828125 0.38828125 0.1046875 0.1609375
20 0.7890625 0.38671875 0.08125 0.14296875
20 0.8828125 0.39765625 0.11484375 0.13515625
79 0.28203125 0.56640625 0.08046875 0.13359375
79 0.38125 0.571875 0.08515625 0.13515625
79 0.4796875 0.565625 0.0921875 0.1328125
79 0.671875 0.56171875 0.0921875 0.1453125
79 0.571875 0.56171875 0.08828125 0.13125
24 0.7546875 0.5609375 0.07890625 0.1375
40 0.8546875 0.5640625 0.1 0.140625
95 0.946875 0.58203125 0.096875 0.13359375
25 0.2921875 0.75234375 0.096875 0.17109375
25 0.3828125 0.74765625 0.0890625 0.16328125
25 0.47109375 0.753125 0.0921875 0.16796875
35 0.5609375 0.75234375 0.090625 0.17109375
41 0.64296875 0.75859375 0.1 0.178125
39 0.734375 0.75625 0.08359375 0.1671875
78 0.81953125 0.759375 0.10859375 0.17578125
106 0.89296875 0.7546875 0.12265625 0.16953125
100 0.9609375 0.75703125 0.07734375 0.1640625