112 0.184375 0.23671875 0.12578125 0.09140625
111 0.32578125 0.22265625 0.13046875 0.10859375
94 0.428125 0.2515625 0.0609375 0.03671875
93 0.51171875 0.25234375 0.07109375 0.03984375
1 0.4296875 0.16171875 0.075 0.071875
88 0.51484375 0.153125 0.06640625 0.0734375
51 0.79375 0.19765625 0.140625 0.13203125
36 0.17109375 0.346875 0.1015625 0.109375
49 0.32265625 0.34921875 0.15078125 0.10859375
61 0.64609375 0.33515625 0.1375 0.11953125
67 0.7953125 0.33515625 0.12890625 0.11953125
18 0.16796875 0.60703125 0.06328125 0.109375
99 0.359375 0.6078125 0.06796875 0.1125
37 0.29296875 0.4890625 0.0765625 0.0984375
56 0.36953125 0.49375 0.07109375 0.084375
73 0.15859375 0.48515625 0.0625 0.09765625
52 0.2203125 0.48359375 0.0625 0.1
58 0.446875 0.478125 0.06953125 0.1109375
60 0.521875 0.478125 0.0765625 0.11796875
69 0.2359375 0.60625 0.0546875 0.10546875
89 0.309375 0.60625 0.04921875 0.10859375
15 0.453125 0.60859375 0.06953125 0.1109375
20 0.60078125 0.6078125 0.06953125 0.10859375
20 0.525 0.60625 0.08125 0.1078125
22 0.75703125 0.61328125 0.08359375 0.1125
22 0.67890625 0.60625 0.07109375 0.10546875
28 0.8421875 0.60546875 0.08125 0.10234375
79 0.45625 0.734375 0.06796875 0.10625
79 0.38125 0.73203125 0.0734375 0.10078125
79 0.31015625 0.734375 0.06796875 0.103125
79 0.24453125 0.73515625 0.08359375 0.10546875
79 0.178125 0.7359375 0.0609375 0.10234375
24 0.52890625 0.73984375 0.07109375 0.103125
40 0.59609375 0.740625 0.06640625 0.10546875
95 0.67109375 0.7453125 0.08359375 0.1109375
21 0.74921875 0.75546875 0.078125 0.1203125
0 0.8265625 0.75703125 0.08515625 0.1140625
25 0.2515625 0.8796875 0.09296875 0.12578125
25 0.184375 0.87734375 0.08828125 0.1140625
27 0.3234375 0.88671875 0.08515625 0.13671875
35 0.3875 0.89375 0.0953125 0.14296875
41 0.45546875 0.89921875 0.075 0.15078125
39 0.521875 0.9015625 0.0828125 0.1515625
106 0.6703125 0.90625 0.0796875 0.1484375
100 0.74140625 0.9078125 0.08515625 0.1484375
101 0.825 0.9109375 0.08671875 0.15546875
78 0.5953125 0.89375 0.0734375 0.13984375