18 0.0921875 0.121875 0.0828125 0.23515625
69 0.18203125 0.12890625 0.090625 0.2109375
89 0.27265625 0.128125 0.06640625 0.23125
99 0.34296875 0.1328125 0.065625 0.2578125
15 0.44296875 0.14765625 0.08671875 0.2296875
20 0.52578125 0.165625 0.0765625 0.1953125
20 0.60078125 0.18125 0.07265625 0.18828125
22 0.68984375 0.15390625 0.07578125 0.225
22 0.7796875 0.1828125 0.09453125 0.23984375
28 0.85703125 0.1734375 0.0578125 0.1765625
79 0.12265625 0.41328125 0.06171875 0.18125
79 0.19453125 0.42421875 0.07734375 0.19296875
79 0.28046875 0.4265625 0.06328125 0.19765625
80 0.3546875 0.4296875 0.07578125 0.1859375
79 0.434375 0.41484375 0.0734375 0.22578125
24 0.509375 0.43046875 0.06875 0.196875
25 0.12578125 0.6953125 0.09375 0.2859375
25 0.209375 0.69453125 0.084375 0.275
27 0.28203125 0.6921875 0.0703125 0.25859375
35 0.3578125 0.7 0.08046875 0.28203125
41 0.42890625 0.70625 0.06328125 0.27109375
39 0.5015625 0.7015625 0.065625 0.27421875
78 0.56953125 0.70625 0.0765625 0.2703125
106 0.63984375 0.71328125 0.07421875 0.2734375
100 0.71328125 0.71328125 0.08046875 0.26640625
101 0.7828125 0.71953125 0.06875 0.26796875
40 0.58359375 0.42734375 0.06328125 0.19375
96 0.65859375 0.44609375 0.05625 0.17421875
21 0.74453125 0.4515625 0.065625 0.18984375
0 0.8234375 0.45078125 0.0734375 0.196875