112 0.2125 0.21015625 0.12265625 0.09609375
111 0.33984375 0.21484375 0.10546875 0.09453125
56 0.55390625 0.2296875 0.0375 0.07578125
56 0.64453125 0.23125 0.040625 0.07265625
49 0.3453125 0.325 0.12578125 0.10078125
61 0.59140625 0.32265625 0.103125 0.0875
67 0.69375 0.325 0.096875 0.08984375
73 0.20546875 0.43046875 0.0484375 0.078125
52 0.253125 0.42890625 0.05546875 0.0859375
56 0.384375 0.43515625 0.0484375 0.06484375
58 0.440625 0.421875 0.05625 0.090625
60 0.49609375 0.4265625 0.06328125 0.09296875
18 0.20390625 0.53125 0.06953125 0.0921875
69 0.2671875 0.53046875 0.0546875 0.0859375
89 0.33515625 0.528125 0.05 0.08984375
99 0.378125 0.52734375 0.0484375 0.08203125
15 0.44296875 0.525 0.06328125 0.0859375
20 0.4921875 0.52265625 0.05 0.08203125
20 0.54921875 0.521875 0.06953125 0.0796875
22 0.61328125 0.5234375 0.05625 0.0828125
22 0.66875 0.52265625 0.05859375 0.07734375
28 0.721875 0.51953125 0.040625 0.06328125
79 0.21015625 0.6359375 0.0546875 0.08359375
79 0.26953125 0.6359375 0.06171875 0.08359375
79 0.33203125 0.6328125 0.05859375 0.0796875
80 0.38984375 0.6296875 0.0578125 0.08125
24 0.496875 0.61953125 0.053125 0.08203125
25 0.21640625 0.746875 0.06328125 0.10546875
25 0.27734375 0.74375 0.05625 0.103125
27 0.3328125 0.74296875 0.0609375 0.10234375
35 0.38828125 0.74375 0.0578125 0.1078125
39 0.4921875 0.734375 0.05859375 0.1078125
78 0.54296875 0.73046875 0.06953125 0.1
106 0.59921875 0.728125 0.0484375 0.10234375
100 0.64921875 0.72421875 0.059375 0.0984375
101 0.6921875 0.7234375 0.05859375 0.1
1 0.4421875 0.17734375 0.059375 0.05546875
87 0.5140625 0.17578125 0.0421875 0.059375
94 0.4390625 0.25078125 0.05859375 0.034375
92 0.503125 0.2546875 0.06640625 0.0375
36 0.2171875 0.31875 0.11328125 0.09296875
37 0.32265625 0.42734375 0.05859375 0.07109375
11 0.47421875 0.33203125 0.0953125 0.0703125
51 0.70234375 0.21875 0.0859375 0.0953125
40 0.55390625 0.6234375 0.05 0.0796875
96 0.6015625 0.61953125 0.0484375 0.07734375
21 0.66015625 0.61796875 0.05546875 0.071875
0 0.7109375 0.61796875 0.0546875 0.0734375