100 0.27890625 0.29140625 0.0859375 0.32265625
100 0.3578125 0.2984375 0.06953125 0.31640625
101 0.4453125 0.30390625 0.07265625 0.31171875
101 0.515625 0.303125 0.07421875 0.31484375
101 0.6 0.309375 0.0703125 0.31953125
101 0.68515625 0.3046875 0.0796875 0.3140625
79 0.26875 0.76796875 0.0640625 0.20078125
79 0.3578125 0.76484375 0.05703125 0.2140625
79 0.4453125 0.76796875 0.06328125 0.21875
79 0.5046875 0.76640625 0.06484375 0.22265625
79 0.60390625 0.7421875 0.06640625 0.24375
79 0.6734375 0.7578125 0.07265625 0.25625