112 0.12109375 0.15 0.14609375 0.14453125
93 0.5015625 0.19296875 0.0734375 0.0390625
1 0.40703125 0.0921875 0.08515625 0.0828125
88 0.51015625 0.0796875 0.07109375 0.0875
50 0.796875 0.13203125 0.15078125 0.15625
36 0.1421875 0.3 0.12578125 0.13125
49 0.3 0.2984375 0.1375 0.128125
61 0.62734375 0.29375 0.14921875 0.13203125
67 0.8 0.29375 0.13046875 0.128125
18 0.13203125 0.57578125 0.05234375 0.11171875
99 0.34765625 0.5765625 0.05390625 0.1265625
37 0.26171875 0.44296875 0.075 0.10234375
56 0.346875 0.45546875 0.08125 0.0921875
53 0.17109375 0.44140625 0.0546875 0.1140625
58 0.43125 0.43671875 0.075 0.125
60 0.51015625 0.4453125 0.0828125 0.13359375
69 0.1984375 0.5765625 0.075 0.109375
89 0.29296875 0.57109375 0.04453125 0.1078125
15 0.4328125 0.5765625 0.06953125 0.1203125
20 0.58359375 0.5671875 0.08828125 0.09765625
20 0.50234375 0.565625 0.075 0.10078125
22 0.746875 0.575 0.09375 0.1125
22 0.66328125 0.57265625 0.07109375 0.1125
28 0.83984375 0.56640625 0.0734375 0.0953125
79 0.440625 0.7015625 0.06796875 0.10078125
79 0.28984375 0.7078125 0.05625 0.09765625
79 0.21171875 0.7046875 0.09140625 0.1078125
80 0.36171875 0.70546875 0.078125 0.10390625
24 0.5140625 0.70234375 0.07109375 0.0984375
40 0.58125 0.70546875 0.0625 0.1
21 0.73984375 0.70625 0.0796875 0.10234375
25 0.1640625 0.84453125 0.09140625 0.1234375
27 0.2375 0.8421875 0.08125 0.125
86 0.3703125 0.85078125 0.078125 0.1390625
41 0.4375 0.85 0.06796875 0.13359375
39 0.503125 0.84453125 0.07109375 0.13359375
100 0.72578125 0.85390625 0.08515625 0.134375
72 0.3046875 0.85 0.059375 0.1421875
103 0.64921875 0.85078125 0.0765625 0.1390625
48 0.65390625 0.7109375 0.08359375 0.11171875
34 0.80859375 0.70390625 0.06640625 0.1171875
78 0.578125 0.84765625 0.0734375 0.13046875
46 0.7921875 0.85390625 0.0734375 0.1390625