112 0.13671875 0.16953125 0.12265625 0.1109375
111 0.27578125 0.171875 0.14921875 0.1203125
94 0.396875 0.21796875 0.0765625 0.04140625
93 0.4859375 0.2265625 0.06640625 0.0296875
1 0.40234375 0.12890625 0.078125 0.06484375
88 0.49453125 0.13203125 0.07265625 0.08125
51 0.7359375 0.20234375 0.1203125 0.11171875
36 0.13359375 0.30546875 0.11171875 0.11796875
49 0.28046875 0.31328125 0.14140625 0.121875
61 0.59375 0.32109375 0.12890625 0.1125
67 0.73984375 0.3328125 0.10859375 0.10546875
99 0.3015625 0.58203125 0.06484375 0.1140625
37 0.23359375 0.4515625 0.09140625 0.1
56 0.31640625 0.45703125 0.07109375 0.0921875
52 0.13515625 0.44765625 0.0765625 0.11640625
58 0.3890625 0.446875 0.0546875 0.1171875
60 0.465625 0.45 0.08984375 0.11953125
69 0.1421875 0.58359375 0.05390625 0.11171875
89 0.24296875 0.57890625 0.05234375 0.11640625
15 0.38828125 0.58046875 0.0796875 0.11484375
20 0.52890625 0.5765625 0.07109375 0.0953125
20 0.45234375 0.57421875 0.06796875 0.10390625
22 0.6765625 0.58203125 0.0796875 0.10546875
22 0.59609375 0.58125 0.075 0.109375
28 0.75234375 0.57578125 0.07265625 0.0875
79 0.37890625 0.70546875 0.0578125 0.10859375
79 0.2296875 0.709375 0.0734375 0.09765625
79 0.15625 0.71328125 0.075 0.11171875
80 0.31015625 0.709375 0.07109375 0.09765625
24 0.44921875 0.70390625 0.06484375 0.103125
40 0.52265625 0.7125 0.0578125 0.1140625
95 0.5859375 0.709375 0.0546875 0.10390625
21 0.6671875 0.715625 0.07265625 0.1078125
0 0.72265625 0.70546875 0.06484375 0.09765625
25 0.1515625 0.8671875 0.07265625 0.14453125
25 0.0734375 0.8671875 0.0828125 0.14140625
27 0.23125 0.86953125 0.08125 0.13984375
35 0.30390625 0.8609375 0.078125 0.1484375
41 0.3796875 0.86640625 0.0734375 0.15078125
39 0.44375 0.8578125 0.06796875 0.1359375
106 0.571875 0.8546875 0.06484375 0.13046875
100 0.63984375 0.85234375 0.06640625 0.1359375
101 0.7046875 0.8515625 0.078125 0.13984375
78 0.51015625 0.853125 0.0734375 0.134375