112 0.18125 0.18515625 0.1328125 0.09453125
111 0.3234375 0.18359375 0.1296875 0.11328125
56 0.56328125 0.19453125 0.04375 0.0828125
56 0.67421875 0.19296875 0.0484375 0.08828125
49 0.31796875 0.309375 0.13125 0.1125
61 0.6 0.30625 0.11171875 0.109375
67 0.75234375 0.309375 0.1046875 0.10859375
73 0.15234375 0.4296875 0.06015625 0.09296875
52 0.20625 0.42734375 0.05546875 0.10078125
56 0.359375 0.43828125 0.06796875 0.0875
58 0.43203125 0.42734375 0.05859375 0.11015625
60 0.49609375 0.4265625 0.06953125 0.1046875
18 0.1421875 0.5453125 0.07890625 0.1046875
69 0.22421875 0.5453125 0.06171875 0.1015625
89 0.30859375 0.5421875 0.0421875 0.1
99 0.359375 0.546875 0.053125 0.10703125
15 0.43203125 0.54375 0.06796875 0.10078125
20 0.49765625 0.5359375 0.0546875 0.08984375
20 0.559375 0.53828125 0.06328125 0.08515625
22 0.6359375 0.54765625 0.053125 0.09453125
22 0.6984375 0.5453125 0.07265625 0.09453125
28 0.77578125 0.54140625 0.0515625 0.0765625
79 0.16875 0.66171875 0.053125 0.09375
79 0.23125 0.6625 0.06640625 0.09296875
79 0.29609375 0.66015625 0.0515625 0.09296875
80 0.36484375 0.6578125 0.06171875 0.09296875
79 0.428125 0.6546875 0.0640625 0.0921875
24 0.4953125 0.65234375 0.06171875 0.08359375
25 0.17734375 0.7890625 0.06484375 0.12109375
25 0.2453125 0.7859375 0.06171875 0.11328125
27 0.30703125 0.7875 0.06015625 0.115625
35 0.37421875 0.78828125 0.07421875 0.11796875
41 0.43984375 0.7875 0.06015625 0.1171875
39 0.4953125 0.78046875 0.05625 0.10625
78 0.55390625 0.7828125 0.06796875 0.115625
106 0.615625 0.7859375 0.0578125 0.1171875
100 0.678125 0.7875 0.06796875 0.115625
101 0.7375 0.78671875 0.05625 0.11015625
36 0.16640625 0.29921875 0.10625 0.1015625
37 0.28359375 0.42890625 0.07421875 0.0953125
51 0.76328125 0.18203125 0.11015625 0.1171875
1 0.42734375 0.1328125 0.06484375 0.065625
87 0.5125 0.1265625 0.0515625 0.0734375
94 0.43125 0.21875 0.0609375 0.04296875
92 0.50234375 0.2203125 0.07421875 0.04453125
11 0.45625 0.315625 0.1 0.08203125
40 0.55234375 0.65859375 0.0578125 0.0984375
96 0.61875 0.65859375 0.0546875 0.0921875
0 0.74453125 0.66015625 0.06484375 0.090625
21 0.6875 0.6640625 0.053125 0.0921875