112 0.24296875 0.2390625 0.08671875 0.084375
111 0.35078125 0.234375 0.10546875 0.09296875
94 0.434375 0.26484375 0.04765625 0.03046875
93 0.4984375 0.265625 0.05390625 0.02734375
1 0.43359375 0.196875 0.05625 0.05078125
88 0.50234375 0.19375 0.04375 0.05546875
50 0.71796875 0.23203125 0.11171875 0.0953125
36 0.2421875 0.33515625 0.0765625 0.0828125
49 0.3578125 0.33515625 0.1 0.08671875
61 0.5859375 0.33125 0.10390625 0.0859375
67 0.68984375 0.33828125 0.08984375 0.0859375
99 0.38359375 0.53203125 0.05234375 0.08125
37 0.32421875 0.4375 0.0546875 0.07734375
56 0.38671875 0.44296875 0.04765625 0.0703125
52 0.25859375 0.43125 0.04921875 0.08125
58 0.4390625 0.4328125 0.0421875 0.09140625
60 0.4921875 0.434375 0.0546875 0.08984375
69 0.26953125 0.528125 0.05078125 0.08046875
89 0.33828125 0.5296875 0.02890625 0.08671875
15 0.4390625 0.53203125 0.059375 0.0859375
20 0.546875 0.5265625 0.0609375 0.075
20 0.49296875 0.528125 0.0546875 0.07265625
22 0.665625 0.53359375 0.06640625 0.07578125
22 0.60234375 0.53203125 0.0625 0.08125
28 0.721875 0.5296875 0.0578125 0.071875
79 0.4421875 0.6265625 0.04453125 0.07734375
79 0.3328125 0.62578125 0.04609375 0.07578125
79 0.278125 0.62265625 0.05625 0.08046875
80 0.3890625 0.62421875 0.05234375 0.07265625
24 0.49375 0.62265625 0.059375 0.07890625
40 0.54140625 0.6265625 0.0578125 0.075
21 0.65625 0.6296875 0.0625 0.0734375
25 0.2265625 0.73203125 0.059375 0.09453125
27 0.28359375 0.7375 0.0578125 0.0875
41 0.4375 0.73203125 0.059375 0.10078125
39 0.49296875 0.7359375 0.05625 0.1078125
100 0.65234375 0.7375 0.0609375 0.103125
86 0.390625 0.7359375 0.0609375 0.10078125
72 0.33515625 0.7359375 0.05078125 0.10234375
103 0.59765625 0.734375 0.06328125 0.1078125
48 0.5984375 0.63125 0.05625 0.08984375
34 0.7078125 0.628125 0.059375 0.084375
78 0.54609375 0.7359375 0.05625 0.10390625
46 0.69765625 0.7359375 0.06640625 0.10390625