112 0.190625 0.27421875 0.15234375 0.20078125
111 0.35859375 0.278125 0.1375 0.1921875
56 0.63671875 0.284375 0.046875 0.17578125
56 0.7609375 0.2859375 0.07109375 0.17578125
49 0.3640625 0.51640625 0.15 0.2125
61 0.68359375 0.5078125 0.1421875 0.19375
67 0.846875 0.51015625 0.13828125 0.20234375
73 0.1640625 0.77578125 0.06015625 0.1953125
52 0.2234375 0.7671875 0.0625 0.2203125
56 0.40703125 0.78125 0.07109375 0.17734375
58 0.48515625 0.7578125 0.065625 0.2203125
60 0.56640625 0.7609375 0.078125 0.22578125
1 0.4828125 0.175 0.0671875 0.11640625
87 0.575 0.16484375 0.05703125 0.1421875
94 0.47734375 0.34140625 0.0671875 0.07890625
92 0.57109375 0.34140625 0.08203125 0.06484375
51 0.878125 0.2671875 0.134375 0.21875
13 0.54140625 0.51796875 0.115625 0.17109375
36 0.19765625 0.51484375 0.13359375 0.20390625
37 0.32265625 0.78984375 0.084375 0.1765625