3 0.73046875 0.234375 0.05234375 0.084375
73 0.66328125 0.23515625 0.04765625 0.0890625
10 0.56015625 0.23203125 0.0953125 0.08671875
66 0.45625 0.2296875 0.04765625 0.084375
64 0.39375 0.228125 0.06328125 0.084375
114 0.27265625 0.2109375 0.13203125 0.11640625
67 0.46015625 0.371875 0.06328125 0.0875
18 0.396875 0.36484375 0.06484375 0.109375
56 0.32578125 0.375 0.0578125 0.08125
74 0.25625 0.3734375 0.06640625 0.0953125
34 0.46484375 0.5171875 0.0625 0.13125
101 0.3953125 0.5171875 0.0609375 0.12890625
100 0.33203125 0.51796875 0.0765625 0.12890625
100 0.26171875 0.52265625 0.075 0.1265625
79 0.6828125 0.6734375 0.04375 0.07578125
79 0.6296875 0.67734375 0.0421875 0.08046875
79 0.57734375 0.6828125 0.0375 0.08125
82 0.52265625 0.66484375 0.0609375 0.13046875
39 0.45859375 0.66640625 0.0578125 0.12890625
39 0.39921875 0.6703125 0.06328125 0.13046875
41 0.33671875 0.6734375 0.06484375 0.13203125
41 0.27265625 0.68125 0.06796875 0.13359375
84 0.6734375 0.78984375 0.05078125 0.10859375
35 0.6234375 0.7984375 0.04921875 0.11953125
75 0.5734375 0.80546875 0.04453125 0.1140625
63 0.51484375 0.803125 0.0609375 0.11484375
27 0.4578125 0.8109375 0.05078125 0.1171875
27 0.4015625 0.8109375 0.0625 0.1171875
25 0.34375 0.8171875 0.05625 0.11953125
25 0.28359375 0.81953125 0.06328125 0.11640625