79 0.14921875 0.240625 0.065625 0.19140625
79 0.2296875 0.24921875 0.08828125 0.2
79 0.30703125 0.2484375 0.0625 0.1796875
79 0.46640625 0.24296875 0.0765625 0.2125
79 0.378125 0.2515625 0.07890625 0.18671875
24 0.5421875 0.2578125 0.0734375 0.2
40 0.6234375 0.25703125 0.0890625 0.196875
95 0.69609375 0.2640625 0.06328125 0.17421875
21 0.7828125 0.27265625 0.07734375 0.18828125
0 0.85390625 0.2859375 0.06328125 0.178125
25 0.16796875 0.50625 0.06796875 0.2703125
25 0.240625 0.5125 0.09296875 0.26328125
25 0.31796875 0.51171875 0.06484375 0.26171875
35 0.384375 0.5171875 0.0703125 0.28125
41 0.4546875 0.5328125 0.07578125 0.26015625
39 0.52578125 0.534375 0.06484375 0.265625
78 0.596875 0.53359375 0.084375 0.27265625
106 0.671875 0.54375 0.0765625 0.27890625
100 0.74296875 0.54765625 0.0765625 0.2703125
101 0.8140625 0.55234375 0.07734375 0.26015625