49 0.359375 0.19140625 0.1078125 0.16640625
61 0.596875 0.2 0.0984375 0.14921875
67 0.71171875 0.209375 0.08203125 0.15390625
18 0.19765625 0.37265625 0.0671875 0.1640625
99 0.2640625 0.37109375 0.05390625 0.1640625
89 0.34375 0.3734375 0.03046875 0.15625
56 0.38828125 0.40234375 0.05625 0.109375
60 0.446875 0.378125 0.06171875 0.16953125
52 0.49453125 0.38671875 0.03984375 0.15234375
20 0.2203125 0.56171875 0.04453125 0.1390625
20 0.27421875 0.55625 0.05625 0.13515625
24 0.33359375 0.553125 0.05078125 0.146875
28 0.546875 0.56015625 0.0546875 0.1390625
15 0.60234375 0.55546875 0.05625 0.15078125
22 0.65390625 0.55859375 0.06796875 0.1421875
22 0.71171875 0.553125 0.0421875 0.13515625
79 0.2296875 0.765625 0.05390625 0.13671875
79 0.28125 0.7671875 0.05703125 0.140625
79 0.33828125 0.76171875 0.05078125 0.13203125
79 0.3875 0.74765625 0.0546875 0.1609375
79 0.4390625 0.74453125 0.059375 0.15234375
100 0.54140625 0.73984375 0.06328125 0.16796875
100 0.5953125 0.7390625 0.053125 0.16640625
101 0.64375 0.73203125 0.04453125 0.15625
101 0.69609375 0.7421875 0.0484375 0.16796875
25 0.23046875 0.940625 0.05703125 0.11875
25 0.2875 0.93671875 0.05703125 0.11953125
25 0.33984375 0.93671875 0.05 0.12578125
35 0.3890625 0.93515625 0.053125 0.12890625
41 0.44375 0.93203125 0.05546875 0.1359375
41 0.4921875 0.9296875 0.046875 0.13984375
39 0.53671875 0.9296875 0.053125 0.13984375
78 0.58671875 0.93125 0.053125 0.1375
106 0.6328125 0.93046875 0.05078125 0.1390625
101 0.6828125 0.925 0.0484375 0.14921875
36 0.2390625 0.1859375 0.09453125 0.1578125
11 0.48046875 0.2140625 0.0828125 0.1296875
96 0.38671875 0.56953125 0.0453125 0.13203125
0 0.4453125 0.56171875 0.05390625 0.1578125
40 0.48515625 0.7515625 0.053125 0.16171875