112 0.22890625 0.20390625 0.115625 0.09296875
111 0.365625 0.1984375 0.1203125 0.10234375
94 0.45390625 0.22890625 0.0625 0.03671875
93 0.52578125 0.22890625 0.06484375 0.0328125
1 0.4484375 0.14921875 0.06640625 0.05546875
88 0.53203125 0.14375 0.05625 0.0703125
51 0.7734375 0.1890625 0.1203125 0.121875
36 0.23125 0.31484375 0.1015625 0.09296875
49 0.36484375 0.3109375 0.10703125 0.096875
61 0.63359375 0.309375 0.10703125 0.10390625
67 0.7671875 0.3125 0.1 0.10234375
99 0.38828125 0.5328125 0.04453125 0.09140625
37 0.32890625 0.42734375 0.06796875 0.09296875
56 0.40078125 0.434375 0.04609375 0.08046875
53 0.25390625 0.42421875 0.059375 0.09140625
58 0.4625 0.425 0.0625 0.11171875
60 0.52265625 0.4265625 0.08125 0.10859375
69 0.27265625 0.5328125 0.0625 0.084375
89 0.35234375 0.534375 0.03359375 0.0859375
15 0.46328125 0.53359375 0.06953125 0.09296875
20 0.58359375 0.53203125 0.05625 0.08046875
20 0.52265625 0.5296875 0.06640625 0.0828125
22 0.64921875 0.53515625 0.075 0.09296875
22 0.71484375 0.540625 0.075 0.08671875
28 0.78203125 0.53515625 0.05625 0.0734375
79 0.465625 0.634375 0.05234375 0.07734375
79 0.34453125 0.63203125 0.05234375 0.07890625
79 0.284375 0.63125 0.05390625 0.07890625
79 0.234375 0.6296875 0.04375 0.07890625
80 0.3984375 0.63359375 0.04765625 0.09140625
24 0.5203125 0.63671875 0.05390625 0.075
40 0.5796875 0.6390625 0.059375 0.0828125
25 0.35 0.75390625 0.0609375 0.11171875
25 0.23515625 0.74765625 0.0625 0.09140625
27 0.28828125 0.75 0.0625 0.09453125
35 0.40390625 0.7546875 0.06328125 0.103125
41 0.45703125 0.75703125 0.0578125 0.10625
39 0.51484375 0.759375 0.06640625 0.1078125
100 0.69140625 0.76171875 0.06328125 0.10390625
101 0.74296875 0.7640625 0.0734375 0.11796875
103 0.634375 0.76640625 0.059375 0.11484375
34 0.76953125 0.64296875 0.06953125 0.0859375
78 0.5703125 0.759375 0.06328125 0.11484375