112 0.18046875 0.19765625 0.10703125 0.0875
111 0.3140625 0.18984375 0.14765625 0.1109375
94 0.4421875 0.2296875 0.0734375 0.03828125
93 0.52109375 0.2359375 0.07265625 0.0296875
1 0.43671875 0.14140625 0.06640625 0.06640625
88 0.528125 0.14375 0.06953125 0.075
51 0.771875 0.20703125 0.1140625 0.11484375
36 0.19375 0.315625 0.06328125 0.10859375
49 0.3203125 0.3265625 0.14296875 0.121875
61 0.6109375 0.32890625 0.12890625 0.10390625
67 0.76640625 0.33125 0.10390625 0.1
99 0.34921875 0.58671875 0.07109375 0.11796875
37 0.278125 0.46171875 0.09296875 0.109375
56 0.36484375 0.47109375 0.06640625 0.09453125
52 0.1890625 0.45859375 0.06484375 0.1140625
58 0.43828125 0.45390625 0.0578125 0.1203125
60 0.5078125 0.45703125 0.07265625 0.1171875
69 0.2046875 0.5921875 0.05625 0.1125
89 0.2953125 0.58828125 0.040625 0.1140625
15 0.43671875 0.58671875 0.06953125 0.11484375
20 0.56640625 0.57890625 0.0734375 0.10078125
20 0.496875 0.57734375 0.059375 0.0953125
22 0.71484375 0.57265625 0.0609375 0.10234375
22 0.64453125 0.58125 0.06796875 0.103125
28 0.7890625 0.5703125 0.059375 0.0875
79 0.434375 0.71171875 0.06484375 0.10234375
79 0.28671875 0.72109375 0.0546875 0.10546875
79 0.2109375 0.7296875 0.075 0.1078125
80 0.36796875 0.71484375 0.05078125 0.10390625
24 0.49765625 0.709375 0.0609375 0.10625
40 0.57265625 0.70546875 0.0609375 0.10625
95 0.6296875 0.70546875 0.059375 0.1
21 0.71796875 0.70546875 0.06328125 0.10390625
0 0.7796875 0.703125 0.07265625 0.09765625
25 0.20859375 0.884375 0.08359375 0.15
25 0.121875 0.89453125 0.0828125 0.1484375
27 0.28671875 0.87890625 0.078125 0.1515625
35 0.36171875 0.87265625 0.078125 0.1453125
41 0.434375 0.87265625 0.06640625 0.15
39 0.5 0.859375 0.0625 0.134375
106 0.628125 0.8515625 0.06328125 0.1359375
100 0.7 0.84453125 0.06640625 0.13046875
101 0.76484375 0.846875 0.059375 0.13984375
78 0.56171875 0.8546875 0.07265625 0.134375