112 0.26171875 0.29140625 0.103125 0.08828125
111 0.378125 0.29140625 0.10625 0.0953125
50 0.7515625 0.29921875 0.103125 0.0953125
36 0.25859375 0.38984375 0.1 0.08046875
49 0.378125 0.39765625 0.103125 0.09453125
61 0.6203125 0.4 0.0875 0.0875
67 0.734375 0.40234375 0.0890625 0.0859375
18 0.228125 0.5953125 0.0484375 0.0875
99 0.4 0.59609375 0.040625 0.08515625
37 0.34296875 0.496875 0.0609375 0.07734375
56 0.5796875 0.3078125 0.05 0.071875
56 0.66875 0.31015625 0.06484375 0.07578125
56 0.409375 0.50625 0.0515625 0.071875
60 0.5203125 0.49765625 0.06015625 0.08828125
52 0.2765625 0.4953125 0.0484375 0.084375
93 0.534375 0.32578125 0.05546875 0.03359375
1 0.475 0.2578125 0.0484375 0.0484375
94 0.471875 0.325 0.0484375 0.028125
88 0.53984375 0.25390625 0.0546875 0.05703125
73 0.2234375 0.5 0.0515625 0.078125
58 0.4703125 0.5 0.0515625 0.08828125
69 0.2921875 0.59921875 0.06796875 0.0890625
89 0.3609375 0.59765625 0.040625 0.08828125
15 0.46640625 0.5984375 0.053125 0.08515625
20 0.5234375 0.5953125 0.0546875 0.078125
20 0.5734375 0.59921875 0.0546875 0.0828125
22 0.634375 0.59921875 0.05 0.08046875
22 0.69296875 0.603125 0.05859375 0.08515625
28 0.75703125 0.59921875 0.06171875 0.075
79 0.23046875 0.69296875 0.04375 0.07734375
79 0.28984375 0.69296875 0.0546875 0.0796875
79 0.35078125 0.6984375 0.0515625 0.0828125
79 0.4625 0.69609375 0.0421875 0.07578125
79 0.41015625 0.6984375 0.0546875 0.08203125
24 0.51484375 0.69765625 0.053125 0.08203125
40 0.5734375 0.6984375 0.0609375 0.07578125
95 0.6296875 0.6984375 0.053125 0.07578125
21 0.6921875 0.7046875 0.05625 0.0875
0 0.746875 0.709375 0.0484375 0.0828125
25 0.2296875 0.80703125 0.06328125 0.0984375
25 0.2875 0.8125 0.06328125 0.0984375
25 0.3421875 0.81171875 0.05625 0.1046875
35 0.40390625 0.81640625 0.0515625 0.1046875
41 0.45703125 0.81953125 0.05859375 0.1125
39 0.51171875 0.8171875 0.053125 0.11484375
78 0.5640625 0.81796875 0.0578125 0.1046875
106 0.6140625 0.81953125 0.0609375 0.1125
100 0.6703125 0.81875 0.06171875 0.1109375
101 0.72734375 0.81953125 0.0546875 0.1171875