112 0.22734375 0.22890625 0.0953125 0.09296875
111 0.33984375 0.2265625 0.121875 0.10078125
94 0.434375 0.25859375 0.0546875 0.03359375
93 0.503125 0.25859375 0.05234375 0.025
1 0.434375 0.1859375 0.05625 0.05546875
88 0.51015625 0.18359375 0.05078125 0.0609375
51 0.71640625 0.22578125 0.1015625 0.10859375
36 0.23125 0.3359375 0.078125 0.08984375
49 0.34453125 0.340625 0.11875 0.10234375
61 0.5984375 0.33515625 0.11171875 0.0953125
67 0.72734375 0.334375 0.10234375 0.09296875
99 0.36875 0.54609375 0.05234375 0.08671875
37 0.31015625 0.446875 0.07109375 0.08671875
56 0.37890625 0.4515625 0.05234375 0.07265625
52 0.24140625 0.4390625 0.04609375 0.09296875
58 0.43203125 0.44140625 0.07109375 0.0984375
60 0.5 0.44296875 0.059375 0.08984375
69 0.2484375 0.55 0.04765625 0.0890625
89 0.32421875 0.54765625 0.0375 0.08984375
15 0.4375 0.546875 0.06484375 0.08671875
20 0.5546875 0.5421875 0.0421875 0.08359375
20 0.49921875 0.540625 0.05234375 0.08125
22 0.67421875 0.546875 0.06953125 0.0890625
22 0.61015625 0.5515625 0.0609375 0.096875
28 0.74375 0.5421875 0.06328125 0.06953125
79 0.26796875 0.6453125 0.06328125 0.0828125
79 0.325 0.646875 0.05078125 0.0859375
79 0.44140625 0.64375 0.05234375 0.08984375
80 0.3796875 0.64765625 0.06484375 0.078125
24 0.49609375 0.64375 0.05234375 0.084375
40 0.55234375 0.64921875 0.05234375 0.08671875
95 0.61015625 0.65078125 0.05234375 0.0890625
21 0.67421875 0.6578125 0.0578125 0.08046875
0 0.72734375 0.6453125 0.07109375 0.09140625
25 0.26875 0.76953125 0.059375 0.10859375
25 0.20625 0.76953125 0.06484375 0.109375
27 0.33046875 0.76953125 0.05625 0.10546875
35 0.3828125 0.76796875 0.06796875 0.11171875
41 0.43984375 0.7734375 0.0609375 0.1171875
39 0.48984375 0.76640625 0.0625 0.11171875
106 0.60390625 0.76640625 0.05078125 0.1109375
106 0.6640625 0.76796875 0.06328125 0.1078125
101 0.72109375 0.76328125 0.059375 0.1078125
78 0.54609375 0.76875 0.05625 0.109375