112 0.26015625 0.24609375 0.08671875 0.08984375
111 0.37578125 0.23671875 0.13203125 0.10546875
94 0.4640625 0.278125 0.04921875 0.02734375
93 0.53203125 0.28046875 0.06640625 0.03125
1 0.46640625 0.20546875 0.06484375 0.05546875
88 0.5421875 0.20390625 0.05078125 0.0609375
50 0.75078125 0.24453125 0.0953125 0.10546875
49 0.37578125 0.3546875 0.1125 0.0953125
61 0.61640625 0.3546875 0.10390625 0.10234375
67 0.72734375 0.35546875 0.0796875 0.08984375
99 0.39453125 0.5625 0.05625 0.0921875
37 0.33359375 0.4625 0.0734375 0.084375
56 0.4046875 0.46796875 0.05390625 0.075
53 0.26796875 0.45703125 0.0546875 0.09453125
58 0.47265625 0.45859375 0.05078125 0.0921875
60 0.52265625 0.46015625 0.0546875 0.1
69 0.2890625 0.5671875 0.05234375 0.08359375
89 0.35078125 0.5625 0.0390625 0.0875
15 0.4640625 0.56171875 0.05078125 0.07890625
20 0.5703125 0.55625 0.04375 0.07890625
20 0.51796875 0.5578125 0.0578125 0.078125
22 0.62890625 0.55703125 0.05390625 0.0859375
22 0.69921875 0.5546875 0.06484375 0.08359375
28 0.7546875 0.553125 0.05625 0.0703125
79 0.45859375 0.66484375 0.04609375 0.078125
79 0.33984375 0.66484375 0.05234375 0.07734375
79 0.28359375 0.66953125 0.04921875 0.084375
80 0.396875 0.6640625 0.05625 0.08671875
24 0.51328125 0.66015625 0.04609375 0.0875
42 0.571875 0.66015625 0.05078125 0.08359375
21 0.6859375 0.6625 0.0546875 0.08125
25 0.22109375 0.79453125 0.06328125 0.10625
27 0.28828125 0.790625 0.06640625 0.1203125
86 0.39453125 0.784375 0.0625 0.10859375
41 0.453125 0.78671875 0.0578125 0.1171875
39 0.50703125 0.78046875 0.05390625 0.0984375
100 0.66953125 0.7734375 0.05234375 0.1140625
72 0.3421875 0.7875 0.05390625 0.1140625
103 0.6171875 0.7734375 0.05078125 0.10859375
48 0.62578125 0.66015625 0.059375 0.09453125
34 0.73359375 0.659375 0.0578125 0.08984375
78 0.5625 0.775 0.05234375 0.10234375
46 0.72734375 0.77109375 0.05390625 0.109375