3 0.8 0.18046875 0.06640625 0.0953125
60 0.721875 0.16796875 0.08125 0.121875
111 0.29453125 0.1609375 0.12578125 0.13046875
89 0.79375 0.3546875 0.06796875 0.078125
98 0.71796875 0.3453125 0.0734375 0.09453125
32 0.63671875 0.3453125 0.08125 0.0921875
67 0.484375 0.346875 0.06640625 0.08046875
18 0.4140625 0.33125 0.06328125 0.11171875
56 0.3390625 0.34453125 0.06796875 0.0859375
74 0.2734375 0.33984375 0.06328125 0.0859375
43 0.7765625 0.52109375 0.06484375 0.121875
109 0.70703125 0.509375 0.0734375 0.13984375
109 0.6390625 0.50390625 0.0796875 0.1421875
34 0.50078125 0.5 0.08125 0.14140625
101 0.42890625 0.5 0.08828125 0.14140625
100 0.35859375 0.49609375 0.08671875 0.13203125
100 0.29375 0.49609375 0.08984375 0.13046875
79 0.7578125 0.70234375 0.04921875 0.09453125
79 0.68984375 0.69921875 0.06328125 0.096875
79 0.62578125 0.696875 0.06796875 0.09296875
82 0.56484375 0.6671875 0.0796875 0.1390625
39 0.48984375 0.6703125 0.0765625 0.13984375
39 0.42734375 0.6671875 0.0734375 0.13671875
41 0.3625 0.6671875 0.0796875 0.134375
41 0.29609375 0.6640625 0.0765625 0.13203125
35 0.68515625 0.83828125 0.07109375 0.1265625
75 0.6203125 0.83515625 0.0765625 0.11796875
26 0.55703125 0.834375 0.06640625 0.121875
27 0.49296875 0.8234375 0.06640625 0.121875
27 0.428125 0.82265625 0.06953125 0.11796875
25 0.3125 0.81171875 0.078125 0.1125
83 0.74609375 0.840625 0.07109375 0.12578125
64 0.41015625 0.184375 0.06796875 0.09765625
66 0.484375 0.1875 0.0609375 0.0875
33 0.6015625 0.1609375 0.15078125 0.134375
59 0.56015625 0.34140625 0.075 0.1078125