112 0.20859375 0.28046875 0.12421875 0.11640625
111 0.34921875 0.27265625 0.1375 0.1359375
94 0.4625 0.321875 0.07109375 0.03984375
93 0.55078125 0.32421875 0.07109375 0.03359375
1 0.46796875 0.23046875 0.0765625 0.06875
88 0.56171875 0.22890625 0.06953125 0.08046875
51 0.83671875 0.2859375 0.13203125 0.125
36 0.1984375 0.4109375 0.10390625 0.10859375
49 0.35625 0.4125 0.1390625 0.1078125
61 0.66796875 0.4171875 0.14609375 0.11640625
67 0.8328125 0.421875 0.1203125 0.1109375
18 0.190625 0.65625 0.05078125 0.10234375
99 0.38203125 0.6609375 0.06328125 0.10625
37 0.32265625 0.5421875 0.07265625 0.10078125
56 0.39453125 0.55 0.06796875 0.09296875
73 0.1765625 0.540625 0.0578125 0.1
52 0.23359375 0.53515625 0.0625 0.11171875
58 0.475 0.540625 0.0765625 0.1109375
60 0.53984375 0.54921875 0.08359375 0.1171875
69 0.2546875 0.659375 0.075 0.10234375
89 0.3359375 0.659375 0.040625 0.103125
15 0.4734375 0.66484375 0.06796875 0.10234375
20 0.6109375 0.65625 0.0625 0.07890625
20 0.53984375 0.65390625 0.06953125 0.08125
22 0.759375 0.67109375 0.08125 0.096875
22 0.68515625 0.6671875 0.0765625 0.1
28 0.83515625 0.66484375 0.07109375 0.075
79 0.46484375 0.76953125 0.06484375 0.07890625
79 0.32890625 0.76484375 0.059375 0.08046875
79 0.2609375 0.76953125 0.07109375 0.08046875
79 0.19296875 0.765625 0.05078125 0.075
80 0.3953125 0.76953125 0.07265625 0.08359375
24 0.53125 0.77265625 0.07265625 0.08046875
40 0.60078125 0.7765625 0.0625 0.078125
95 0.66875 0.7859375 0.06640625 0.09453125
21 0.74921875 0.7859375 0.07265625 0.08984375
0 0.815625 0.790625 0.06796875 0.10078125
25 0.26875 0.89609375 0.0734375 0.10625
25 0.20234375 0.9 0.08671875 0.11796875
27 0.33046875 0.90078125 0.0734375 0.11796875
35 0.39296875 0.90390625 0.0765625 0.1171875
41 0.4640625 0.91015625 0.07109375 0.121875
39 0.52734375 0.9140625 0.0734375 0.125
106 0.65703125 0.91796875 0.075 0.12578125
100 0.72578125 0.91875 0.0734375 0.12578125
101 0.79140625 0.91796875 0.06640625 0.1171875
78 0.59296875 0.9125 0.06328125 0.11484375