112 0.33984375 0.2390625 0.09296875 0.078125
111 0.44140625 0.23671875 0.0984375 0.08671875
94 0.50859375 0.26328125 0.0421875 0.02265625
93 0.56484375 0.26328125 0.05625 0.025
1 0.50859375 0.20234375 0.05078125 0.046875
88 0.57578125 0.19765625 0.04609375 0.05078125
50 0.771875 0.2390625 0.09375 0.09296875
36 0.3359375 0.32578125 0.078125 0.07265625
49 0.434375 0.328125 0.09375 0.07734375
61 0.65234375 0.33125 0.0984375 0.08671875
67 0.75703125 0.3328125 0.08828125 0.07734375
18 0.3140625 0.49921875 0.04609375 0.0734375
99 0.4453125 0.5046875 0.04921875 0.071875
37 0.403125 0.41953125 0.05078125 0.0703125
56 0.459375 0.4296875 0.04765625 0.06328125
53 0.34921875 0.4140625 0.0421875 0.07265625
58 0.51015625 0.41796875 0.04453125 0.084375
60 0.55234375 0.421875 0.06640625 0.08046875
69 0.3546875 0.5015625 0.05234375 0.0671875
89 0.4140625 0.50078125 0.03203125 0.075
15 0.503125 0.50859375 0.0578125 0.07734375
20 0.60703125 0.5078125 0.04453125 0.0671875
20 0.559375 0.50625 0.05078125 0.06875
22 0.65234375 0.515625 0.0578125 0.06953125
22 0.6984375 0.5203125 0.059375 0.0703125
28 0.76796875 0.51640625 0.04609375 0.05625
79 0.4984375 0.59453125 0.059375 0.06953125
79 0.40234375 0.584375 0.040625 0.06875
79 0.36171875 0.5859375 0.04609375 0.05859375
80 0.446875 0.590625 0.04921875 0.0671875
24 0.54609375 0.59765625 0.05625 0.0671875
42 0.5984375 0.60390625 0.04765625 0.07890625
21 0.7015625 0.61171875 0.0578125 0.08125
25 0.31015625 0.67890625 0.05078125 0.07734375
27 0.36015625 0.67890625 0.04921875 0.078125
86 0.45234375 0.6890625 0.0625 0.09296875
41 0.48984375 0.6953125 0.0625 0.08984375
39 0.54140625 0.70078125 0.0546875 0.0890625
100 0.68671875 0.7125 0.05625 0.0921875
103 0.63828125 0.70859375 0.04609375 0.09296875
48 0.64453125 0.60625 0.06484375 0.07890625
34 0.746875 0.61171875 0.0609375 0.0828125
78 0.590625 0.7046875 0.05625 0.0921875
46 0.73828125 0.71796875 0.0625 0.0984375