112 0.1734375 0.3265625 0.1359375 0.1234375
111 0.32265625 0.31484375 0.14140625 0.1390625
94 0.440625 0.36640625 0.06484375 0.04140625
93 0.528125 0.3671875 0.075 0.03984375
1 0.440625 0.2734375 0.07109375 0.06328125
88 0.53515625 0.26875 0.07265625 0.07265625
51 0.8578125 0.31875 0.14765625 0.1375
36 0.16171875 0.4609375 0.11875 0.1109375
49 0.33203125 0.4625 0.140625 0.11640625
61 0.6609375 0.4671875 0.15078125 0.12265625
67 0.85390625 0.46796875 0.121875 0.11484375
18 0.1765625 0.70546875 0.0578125 0.10234375
99 0.37265625 0.715625 0.059375 0.10078125
37 0.296875 0.59375 0.07265625 0.10234375
56 0.37890625 0.603125 0.06328125 0.09296875
73 0.1609375 0.58984375 0.059375 0.10078125
52 0.21015625 0.58359375 0.06328125 0.1078125
58 0.46015625 0.5953125 0.07265625 0.109375
60 0.53203125 0.60703125 0.0828125 0.1265625
69 0.24453125 0.7125 0.06953125 0.09765625
89 0.32265625 0.709375 0.0375 0.10390625
15 0.4578125 0.721875 0.0765625 0.0984375
20 0.61015625 0.71328125 0.06796875 0.075
20 0.5328125 0.71015625 0.0734375 0.07265625
22 0.76953125 0.7359375 0.08984375 0.09765625
22 0.68828125 0.72734375 0.08515625 0.0921875
79 0.46484375 0.8265625 0.06796875 0.07734375
79 0.3234375 0.815625 0.059375 0.07265625
79 0.253125 0.81328125 0.06328125 0.07265625
79 0.19296875 0.8125 0.05625 0.06953125
80 0.38984375 0.8265625 0.0625 0.075
24 0.53203125 0.83046875 0.0734375 0.075
40 0.59609375 0.8359375 0.06953125 0.07890625
95 0.6796875 0.84765625 0.08359375 0.08984375
21 0.7578125 0.85859375 0.078125 0.0859375
0 0.83359375 0.8671875 0.08671875 0.11171875
25 0.26875 0.94765625 0.07890625 0.1046875
25 0.20390625 0.94453125 0.078125 0.11015625
27 0.33359375 0.94765625 0.0703125 0.103125
35 0.39921875 0.95 0.06875 0.1
41 0.4671875 0.953125 0.0609375 0.09375
39 0.5328125 0.95390625 0.06953125 0.09140625
106 0.675 0.959375 0.06796875 0.08046875
100 0.7421875 0.9640625 0.06015625 0.07109375
101 0.8125 0.96875 0.07109375 0.0625
78 0.60234375 0.95859375 0.06484375 0.0828125