24 0.37578125 0.14140625 0.07890625 0.15546875
24 0.471875 0.1421875 0.08359375 0.15703125
20 0.5671875 0.15390625 0.0671875 0.15
20 0.65234375 0.15234375 0.08359375 0.1453125
20 0.75078125 0.15546875 0.0703125 0.146875
78 0.30859375 0.35703125 0.090625 0.19609375
78 0.38984375 0.359375 0.0859375 0.19375
41 0.46953125 0.36328125 0.07890625 0.1875
41 0.54609375 0.36484375 0.07734375 0.18671875
39 0.6328125 0.36796875 0.07578125 0.18203125
39 0.7125 0.3703125 0.0734375 0.18203125
35 0.3125 0.5640625 0.07578125 0.16953125
25 0.38515625 0.56171875 0.07734375 0.16796875
25 0.45859375 0.56953125 0.075 0.1703125
25 0.5328125 0.57109375 0.07578125 0.16953125
27 0.60859375 0.56953125 0.07890625 0.16953125
27 0.6828125 0.57265625 0.06875 0.1703125
40 0.30234375 0.1375 0.07265625 0.153125