112 0.23828125 0.27734375 0.09375 0.07734375
111 0.35 0.27265625 0.10390625 0.0859375
94 0.42890625 0.303125 0.05078125 0.028125
93 0.4921875 0.3046875 0.0546875 0.025
1 0.4296875 0.23671875 0.0578125 0.05
88 0.49921875 0.23203125 0.04375 0.05546875
50 0.69765625 0.2640625 0.10390625 0.10234375
36 0.240625 0.3703125 0.0828125 0.084375
49 0.346875 0.37421875 0.1015625 0.0828125
61 0.58203125 0.3765625 0.1171875 0.08671875
67 0.70234375 0.3703125 0.08828125 0.08125
99 0.37421875 0.56640625 0.05390625 0.08671875
37 0.32109375 0.47109375 0.0578125 0.07890625
56 0.38125 0.4796875 0.04765625 0.0609375
53 0.26015625 0.46953125 0.04921875 0.0828125
58 0.4421875 0.4703125 0.04453125 0.0859375
60 0.49453125 0.471875 0.06328125 0.084375
69 0.26875 0.5703125 0.04921875 0.08359375
89 0.3375 0.565625 0.03359375 0.084375
20 0.54453125 0.5640625 0.05078125 0.07578125
20 0.49765625 0.5625 0.05234375 0.075
22 0.659375 0.56640625 0.06484375 0.08671875
22 0.60078125 0.5671875 0.05625 0.08671875
28 0.72421875 0.565625 0.05390625 0.06875
79 0.44375 0.6625 0.05390625 0.08125
79 0.3328125 0.66015625 0.04609375 0.075
79 0.27890625 0.6578125 0.0578125 0.071875
80 0.3859375 0.66328125 0.04765625 0.0703125
24 0.4984375 0.65859375 0.05625 0.08046875
40 0.546875 0.6609375 0.05234375 0.07578125
21 0.66015625 0.66640625 0.0625 0.078125
25 0.23203125 0.76953125 0.0625 0.10625
27 0.28125 0.76796875 0.059375 0.09296875
86 0.384375 0.7734375 0.0765625 0.1125
41 0.43984375 0.775 0.05234375 0.10234375
39 0.490625 0.771875 0.0609375 0.096875
100 0.6515625 0.77890625 0.06484375 0.10390625
101 0.69921875 0.77890625 0.0625 0.1109375
72 0.32890625 0.7703125 0.05078125 0.10625
103 0.59453125 0.77734375 0.0578125 0.109375
48 0.60234375 0.66796875 0.059375 0.0859375
34 0.71796875 0.66640625 0.0578125 0.0859375
78 0.54296875 0.7734375 0.05390625 0.10859375