112 0.4046875 0.22578125 0.134375 0.1
112 0.28515625 0.225 0.11015625 0.10234375
94 0.50625 0.26171875 0.0609375 0.03125
93 0.578125 0.26171875 0.06484375 0.0296875
1 0.50859375 0.1828125 0.0765625 0.0640625
88 0.5875 0.178125 0.05234375 0.0640625
50 0.81484375 0.234375 0.11875 0.1
49 0.40390625 0.35078125 0.13046875 0.109375
61 0.67265625 0.34140625 0.121875 0.0984375
67 0.80078125 0.346875 0.1 0.10078125
99 0.42890625 0.5625 0.059375 0.096875
37 0.36640625 0.45703125 0.0765625 0.0859375
56 0.4390625 0.46328125 0.04765625 0.06953125
53 0.3015625 0.453125 0.05078125 0.0921875
58 0.503125 0.45390625 0.059375 0.1
60 0.559375 0.453125 0.0734375 0.10078125
69 0.30859375 0.5609375 0.06796875 0.08671875
89 0.38046875 0.5609375 0.04375 0.08671875
15 0.49765625 0.5671875 0.06640625 0.09453125
20 0.55859375 0.5546875 0.06953125 0.07890625
20 0.61953125 0.559375 0.0578125 0.08125
22 0.68671875 0.565625 0.05390625 0.0828125
22 0.7515625 0.56796875 0.06796875 0.08125
28 0.8109375 0.5546875 0.059375 0.0640625
79 0.315625 0.6625 0.0546875 0.08125
79 0.36953125 0.66171875 0.05078125 0.07578125
79 0.49375 0.66015625 0.06484375 0.08125
80 0.43125 0.66640625 0.06640625 0.07890625
24 0.5515625 0.66796875 0.06328125 0.07890625
42 0.60859375 0.66953125 0.05078125 0.0890625
21 0.73828125 0.67578125 0.06796875 0.09140625
25 0.25390625 0.78671875 0.06484375 0.10390625
27 0.31484375 0.7875 0.06796875 0.103125
41 0.4890625 0.790625 0.0546875 0.11953125
39 0.54609375 0.7875 0.0625 0.11171875
86 0.43046875 0.78671875 0.06484375 0.10859375
86 0.4296875 0.78515625 0.06328125 0.11171875
72 0.37265625 0.784375 0.05390625 0.11484375
103 0.65703125 0.790625 0.06328125 0.11171875
48 0.66953125 0.6734375 0.06328125 0.08984375
34 0.79609375 0.6734375 0.0625 0.0921875
78 0.60234375 0.790625 0.059375 0.109375
46 0.78046875 0.79921875 0.0625 0.11640625
47 0.725 0.7921875 0.0578125 0.11484375