60 0.8609375 0.17734375 0.09375 0.125
89 0.784375 0.1921875 0.05390625 0.096875
45 0.65078125 0.18125 0.14765625 0.0984375
14 0.4921875 0.171875 0.12578125 0.1078125
16 0.3578125 0.15703125 0.078125 0.11953125
5 0.2828125 0.1640625 0.06796875 0.1140625
33 0.16484375 0.14765625 0.16484375 0.14375
113 0.8328125 0.3375 0.08125 0.09765625
52 0.75234375 0.33515625 0.078125 0.1171875
59 0.68359375 0.33125 0.07109375 0.10859375
30 0.61171875 0.33203125 0.06953125 0.096875
54 0.503125 0.3328125 0.0546875 0.0875
67 0.4421875 0.33046875 0.0765625 0.1
70 0.3765625 0.31875 0.06640625 0.10234375
17 0.27578125 0.3203125 0.078125 0.103125
22 0.80390625 0.525 0.08984375 0.10234375
29 0.72890625 0.51328125 0.07265625 0.1265625
27 0.65625 0.490625 0.0734375 0.14453125
25 0.58203125 0.49140625 0.0765625 0.16484375
25 0.50390625 0.4953125 0.08125 0.159375
68 0.4359375 0.48984375 0.07109375 0.153125
101 0.3671875 0.48515625 0.078125 0.14296875
101 0.3 0.4859375 0.08125 0.14453125
100 0.21640625 0.48125 0.07734375 0.14609375
100 0.14921875 0.4828125 0.075 0.146875
101 0.775 0.6703125 0.075 0.1265625
101 0.7078125 0.66875 0.075 0.12265625
101 0.6390625 0.6640625 0.06484375 0.1265625
101 0.5640625 0.6625 0.06640625 0.12890625
101 0.5 0.65859375 0.07265625 0.12578125
100 0.434375 0.6515625 0.06953125 0.12265625
100 0.36953125 0.65234375 0.075 0.128125
100 0.303125 0.6515625 0.0765625 0.12890625
100 0.234375 0.64609375 0.07265625 0.1265625
100 0.1640625 0.63828125 0.0765625 0.121875
63 0.746875 0.825 0.07109375 0.11953125
35 0.68515625 0.82265625 0.06953125 0.11953125
39 0.6125 0.8109375 0.06640625 0.11796875
84 0.5546875 0.80859375 0.059375 0.1140625
109 0.42265625 0.80234375 0.0625 0.1140625
34 0.36484375 0.79765625 0.06640625 0.1
82 0.30078125 0.79765625 0.0609375 0.1109375
109 0.4921875 0.8 0.05625 0.0953125
27 0.24140625 0.79453125 0.06796875 0.1109375
82 0.1734375 0.7890625 0.07109375 0.11171875