112 0.25 0.27578125 0.09296875 0.0921875
111 0.3515625 0.27265625 0.10703125 0.0953125
94 0.4375 0.3046875 0.05625 0.02578125
93 0.50234375 0.30625 0.0609375 0.0296875
1 0.44296875 0.23671875 0.0546875 0.05078125
88 0.509375 0.2375 0.05234375 0.05390625
50 0.7265625 0.2671875 0.1015625 0.10546875
36 0.25546875 0.371875 0.0796875 0.0828125
49 0.35546875 0.37890625 0.096875 0.08359375
61 0.59921875 0.375 0.1015625 0.0859375
67 0.6921875 0.37734375 0.09375 0.08359375
99 0.39375 0.56484375 0.040625 0.0859375
37 0.33046875 0.4734375 0.04765625 0.07578125
56 0.39296875 0.4765625 0.05625 0.07265625
53 0.265625 0.47109375 0.04765625 0.08046875
58 0.44765625 0.4703125 0.04765625 0.0921875
60 0.49921875 0.4703125 0.0546875 0.0859375
69 0.278125 0.56328125 0.04609375 0.08046875
89 0.34453125 0.56171875 0.0375 0.08046875
15 0.4484375 0.56796875 0.0578125 0.0875
20 0.50234375 0.55859375 0.0578125 0.06953125
20 0.55859375 0.5671875 0.0578125 0.0703125
22 0.6609375 0.56875 0.0609375 0.07890625
22 0.60625 0.56875 0.0546875 0.078125
28 0.72734375 0.56328125 0.0546875 0.06484375
79 0.4484375 0.65234375 0.04921875 0.07578125
79 0.34375 0.6578125 0.04765625 0.075
79 0.29765625 0.65390625 0.05390625 0.07265625
80 0.39296875 0.653125 0.059375 0.071875
24 0.50390625 0.6546875 0.05078125 0.07265625
40 0.55234375 0.6578125 0.04375 0.06640625
21 0.6671875 0.66171875 0.0578125 0.08046875
25 0.24375 0.759375 0.059375 0.09765625
27 0.30234375 0.759375 0.0578125 0.0984375
86 0.396875 0.7625 0.05625 0.1
41 0.45078125 0.76015625 0.05625 0.0984375
39 0.5015625 0.76171875 0.05625 0.0953125
72 0.3484375 0.759375 0.05234375 0.09765625
103 0.60390625 0.7625 0.05625 0.09765625
48 0.603125 0.66328125 0.0578125 0.07890625
78 0.55 0.7640625 0.0578125 0.09296875