112 0.11796875 0.1484375 0.1375 0.10390625
111 0.2734375 0.1328125 0.13046875 0.1359375
94 0.3828125 0.175 0.0734375 0.04375
93 0.4703125 0.1734375 0.075 0.04375
1 0.38046875 0.0765625 0.08125 0.08125
88 0.47890625 0.07109375 0.0609375 0.0859375
51 0.77578125 0.1296875 0.14765625 0.1265625
36 0.1015625 0.27578125 0.13046875 0.12265625
49 0.27421875 0.27578125 0.14609375 0.1203125
61 0.59765625 0.2734375 0.14765625 0.128125
67 0.78125 0.2734375 0.12421875 0.1234375
18 0.10234375 0.54609375 0.05234375 0.1109375
99 0.30546875 0.553125 0.06328125 0.11796875
37 0.23125 0.42109375 0.08671875 0.10625
56 0.3171875 0.42734375 0.06484375 0.09765625
73 0.09296875 0.421875 0.06484375 0.10625
52 0.15625 0.41328125 0.06328125 0.10625
58 0.3984375 0.41640625 0.09375 0.11953125
60 0.4703125 0.4234375 0.08671875 0.1203125
69 0.17109375 0.54921875 0.08515625 0.10859375
89 0.2578125 0.5515625 0.04375 0.1125
15 0.39765625 0.553125 0.08125 0.11796875
20 0.47890625 0.54609375 0.078125 0.10078125
20 0.5515625 0.55 0.06484375 0.10390625
22 0.71171875 0.56171875 0.08359375 0.1171875
22 0.6265625 0.55859375 0.08359375 0.1109375
28 0.796875 0.55234375 0.075 0.10234375
79 0.39765625 0.684375 0.06640625 0.10234375
79 0.25859375 0.67578125 0.07265625 0.09765625
79 0.18125 0.6796875 0.0796875 0.0984375
79 0.1140625 0.67578125 0.06953125 0.1
80 0.32734375 0.68125 0.06953125 0.096875
24 0.47578125 0.68359375 0.075 0.10234375
40 0.55 0.6875 0.0609375 0.103125
95 0.6203125 0.69609375 0.08125 0.11171875
21 0.70703125 0.69765625 0.0796875 0.10859375
0 0.778125 0.69921875 0.08125 0.1140625
25 0.190625 0.8265625 0.08671875 0.1265625
25 0.11796875 0.828125 0.08515625 0.13125
27 0.26171875 0.83046875 0.08125 0.1359375
35 0.33359375 0.83671875 0.0765625 0.1453125
41 0.39921875 0.83984375 0.08671875 0.1515625
39 0.46875 0.846875 0.078125 0.15546875
106 0.615625 0.8515625 0.0765625 0.1515625
100 0.69140625 0.85390625 0.08671875 0.1453125
101 0.765625 0.85390625 0.08671875 0.14296875
78 0.5390625 0.84375 0.0796875 0.1421875