112 0.20234375 0.21953125 0.0953125 0.084375
111 0.3171875 0.209375 0.1203125 0.10390625
94 0.41875 0.24375 0.05625 0.03125
93 0.49453125 0.24609375 0.0578125 0.0296875
1 0.41953125 0.16953125 0.0609375 0.05625
88 0.5015625 0.1640625 0.059375 0.06640625
51 0.71015625 0.21015625 0.1125 0.1078125
36 0.20234375 0.32109375 0.078125 0.09140625
49 0.315625 0.32109375 0.12734375 0.09296875
61 0.58671875 0.321875 0.11171875 0.0953125
67 0.72734375 0.32265625 0.0953125 0.09453125
99 0.3515625 0.54375 0.0609375 0.09140625
37 0.2875 0.4359375 0.07109375 0.09140625
56 0.3625 0.44453125 0.06484375 0.08046875
52 0.21796875 0.43515625 0.05625 0.09296875
58 0.415625 0.4328125 0.0625 0.1
60 0.490625 0.43515625 0.07265625 0.0953125
69 0.2390625 0.5453125 0.0625 0.0875
89 0.30625 0.54296875 0.03359375 0.0921875
15 0.42890625 0.54296875 0.0625 0.0921875
20 0.5484375 0.5421875 0.075 0.08671875
20 0.48359375 0.53828125 0.0609375 0.0890625
22 0.6703125 0.5453125 0.06796875 0.09453125
22 0.6109375 0.54296875 0.05078125 0.0921875
28 0.74453125 0.5390625 0.07109375 0.08046875
79 0.428125 0.65078125 0.0578125 0.09296875
79 0.3046875 0.65 0.05625 0.08671875
79 0.23828125 0.6515625 0.0625 0.0859375
80 0.3625 0.64921875 0.0625 0.078125
24 0.4890625 0.65078125 0.0609375 0.0890625
40 0.55078125 0.6515625 0.05625 0.09453125
95 0.61015625 0.6578125 0.0625 0.09296875
21 0.67890625 0.659375 0.06796875 0.0859375
0 0.73203125 0.65703125 0.06640625 0.09453125
25 0.25078125 0.77578125 0.06484375 0.11484375
25 0.190625 0.77421875 0.0625 0.1078125
27 0.3078125 0.7765625 0.06640625 0.11796875
35 0.3703125 0.7796875 0.07265625 0.125
41 0.43046875 0.7828125 0.05390625 0.12265625
39 0.484375 0.77890625 0.04921875 0.1140625
106 0.60078125 0.78125 0.059375 0.11484375
100 0.66484375 0.78125 0.06484375 0.121875
101 0.72734375 0.778125 0.0578125 0.1234375
78 0.54296875 0.778125 0.05625 0.1109375