61 0.47578125 0.04375 0.15 0.0875
99 0.16953125 0.3515625 0.07578125 0.1265625
37 0.05703125 0.19921875 0.10625 0.1359375
56 0.1609375 0.21484375 0.0921875 0.1140625
60 0.33515625 0.19296875 0.0953125 0.13515625
58 0.24609375 0.18828125 0.078125 0.15
69 0.025 0.353125 0.05 0.11875
89 0.10546875 0.35 0.06015625 0.128125
15 0.2671875 0.34921875 0.07890625 0.1296875
20 0.3546875 0.35390625 0.0890625 0.11328125
20 0.43984375 0.35390625 0.084375 0.1203125
22 0.5109375 0.3546875 0.0875 0.12265625
22 0.59921875 0.35546875 0.0859375 0.13046875
28 0.69296875 0.3453125 0.0828125 0.10546875
79 0.2890625 0.49296875 0.06640625 0.11015625
79 0.1296875 0.496875 0.06640625 0.10703125
79 0.0375 0.50390625 0.075 0.1140625
79 0.20625 0.4953125 0.0859375 0.1125
24 0.359375 0.49765625 0.0828125 0.115625
40 0.4390625 0.49375 0.07421875 0.10703125
95 0.51640625 0.50390625 0.08359375 0.11796875
21 0.59296875 0.4984375 0.07578125 0.1125
0 0.67578125 0.50390625 0.1 0.1234375
25 0.02109375 0.64375 0.0421875 0.1234375
25 0.0828125 0.640625 0.084375 0.11796875
25 0.16015625 0.64453125 0.0578125 0.128125
35 0.23125 0.64609375 0.0875 0.1390625
41 0.3015625 0.65390625 0.0828125 0.1328125
39 0.371875 0.65078125 0.06953125 0.1375
78 0.44296875 0.65078125 0.078125 0.13828125
106 0.51484375 0.65546875 0.08046875 0.1453125
100 0.5875 0.6484375 0.08046875 0.1359375