112 0.1390625 0.21796875 0.14453125 0.1171875
111 0.284375 0.21015625 0.14296875 0.13125
94 0.39453125 0.25234375 0.06796875 0.03984375
93 0.48515625 0.2515625 0.06796875 0.034375
1 0.39609375 0.15625 0.07265625 0.06953125
88 0.49765625 0.1515625 0.07265625 0.0921875
51 0.78359375 0.1984375 0.14609375 0.14296875
36 0.13828125 0.3453125 0.140625 0.1125
49 0.29140625 0.353125 0.14609375 0.1265625
61 0.61015625 0.34921875 0.1515625 0.125
67 0.78671875 0.3484375 0.12734375 0.121875
18 0.11875 0.6078125 0.0609375 0.11484375
99 0.33125 0.615625 0.0546875 0.11640625
37 0.25234375 0.48828125 0.0734375 0.10625
56 0.3328125 0.49609375 0.075 0.09296875
73 0.1078125 0.48359375 0.06796875 0.11171875
52 0.16484375 0.478125 0.06328125 0.11484375
58 0.4015625 0.484375 0.05625 0.12265625
60 0.48515625 0.4859375 0.09375 0.1234375
69 0.17734375 0.61640625 0.05625 0.11953125
89 0.2671875 0.6140625 0.0421875 0.10625
15 0.41015625 0.6171875 0.0828125 0.11640625
20 0.565625 0.615625 0.0578125 0.10546875
20 0.48984375 0.61015625 0.0734375 0.09453125
22 0.72109375 0.628125 0.0828125 0.1125
22 0.6359375 0.6234375 0.08828125 0.10546875
28 0.8125 0.6203125 0.0765625 0.0921875
79 0.4140625 0.7421875 0.0609375 0.09765625
79 0.275 0.734375 0.0578125 0.0921875
79 0.20078125 0.73046875 0.078125 0.08984375
79 0.134375 0.73046875 0.04609375 0.09765625
80 0.3421875 0.740625 0.06796875 0.096875
24 0.4890625 0.74140625 0.07265625 0.0921875
40 0.553125 0.75 0.0734375 0.1
95 0.63203125 0.75390625 0.06953125 0.10390625
21 0.7078125 0.76640625 0.0984375 0.1078125
0 0.784375 0.7625 0.08671875 0.11171875
25 0.2109375 0.8796875 0.078125 0.1234375
25 0.1421875 0.87421875 0.08515625 0.1234375
27 0.28203125 0.88359375 0.075 0.12578125
35 0.3421875 0.88984375 0.08828125 0.13671875
41 0.415625 0.8875 0.0765625 0.1390625
39 0.4828125 0.89765625 0.0734375 0.1421875
106 0.61875 0.90390625 0.07109375 0.13671875
100 0.69453125 0.9078125 0.08984375 0.13671875
101 0.77109375 0.9125 0.08125 0.14140625
78 0.5515625 0.89609375 0.08125 0.12578125