112 0.14609375 0.21484375 0.15078125 0.21484375
111 0.31484375 0.2359375 0.1265625 0.19453125
56 0.58203125 0.2390625 0.05078125 0.1796875
56 0.696875 0.24140625 0.065625 0.1890625
49 0.30625 0.46328125 0.1390625 0.2
61 0.6390625 0.46015625 0.1296875 0.20234375
67 0.7875 0.45703125 0.109375 0.20078125
73 0.11484375 0.7109375 0.06640625 0.19765625
52 0.19375 0.696875 0.0640625 0.19765625
56 0.35859375 0.7109375 0.0671875 0.16796875
58 0.4390625 0.69296875 0.06640625 0.2109375
60 0.5140625 0.7 0.071875 0.22265625
18 0.1296875 0.91328125 0.06171875 0.17265625
69 0.2109375 0.9171875 0.0703125 0.165625
89 0.29140625 0.91484375 0.0578125 0.1671875
99 0.3546875 0.91484375 0.04921875 0.16953125
15 0.44140625 0.91484375 0.0671875 0.16953125
20 0.5125 0.8921875 0.0640625 0.15
20 0.58671875 0.89609375 0.07265625 0.1421875
22 0.6625 0.9125 0.07109375 0.17421875
22 0.740625 0.9109375 0.0734375 0.178125
28 0.81171875 0.9046875 0.059375 0.146875
1 0.43203125 0.12421875 0.07109375 0.11171875
87 0.52734375 0.11640625 0.06328125 0.13515625
94 0.421875 0.29296875 0.07109375 0.0671875
92 0.5140625 0.2953125 0.07890625 0.0703125
13 0.46953125 0.47265625 0.121875 0.16796875
37 0.275 0.6953125 0.0796875 0.17109375
36 0.14765625 0.46328125 0.11875 0.19140625
51 0.80859375 0.1953125 0.1234375 0.271875