112 0.171875 0.1859375 0.2 0.14765625
97 0.31640625 0.1734375 0.103125 0.17109375
97 0.4015625 0.178125 0.07578125 0.16796875
3 0.7109375 0.2140625 0.06171875 0.0890625
74 0.15390625 0.3953125 0.0890625 0.11953125
56 0.24296875 0.39765625 0.08046875 0.11015625
18 0.3203125 0.378125 0.10078125 0.13046875
67 0.421875 0.384375 0.0703125 0.10859375
52 0.49296875 0.37734375 0.075 0.12265625
32 0.565625 0.37890625 0.0734375 0.1
98 0.65078125 0.378125 0.04453125 0.096875
89 0.715625 0.3734375 0.06015625 0.09609375
100 0.17734375 0.56875 0.10078125 0.1796875
100 0.25859375 0.56015625 0.0921875 0.17109375
101 0.34296875 0.55390625 0.07890625 0.1703125
34 0.42265625 0.54140625 0.0859375 0.1609375
102 0.49765625 0.53515625 0.07734375 0.15625
108 0.56171875 0.525 0.08203125 0.15078125
108 0.625 0.515625 0.08046875 0.13984375
41 0.1984375 0.7671875 0.08359375 0.16953125
41 0.278125 0.75 0.08515625 0.1625
39 0.3578125 0.73984375 0.08046875 0.1625
39 0.428125 0.7234375 0.07734375 0.1515625
82 0.49453125 0.7109375 0.08359375 0.14296875
79 0.5640625 0.72109375 0.06484375 0.096875
79 0.62109375 0.7078125 0.06640625 0.09296875
79 0.6765625 0.69765625 0.06484375 0.09296875
25 0.22265625 0.93984375 0.07421875 0.11953125
25 0.29765625 0.93046875 0.07734375 0.13671875
27 0.3671875 0.915625 0.0703125 0.134375
27 0.43671875 0.89609375 0.07890625 0.13046875
63 0.4984375 0.88203125 0.0703125 0.125
75 0.55703125 0.8640625 0.0734375 0.11875
35 0.61640625 0.85 0.08046875 0.11953125
7 0.521875 0.20703125 0.12109375 0.1078125