112 0.22265625 0.2125 0.121875 0.10390625
111 0.346875 0.20859375 0.14296875 0.1078125
94 0.45390625 0.2453125 0.0734375 0.03671875
93 0.5375 0.2421875 0.06484375 0.03359375
1 0.45625 0.15859375 0.06796875 0.0609375
88 0.5421875 0.1546875 0.0625 0.06875
51 0.80390625 0.20078125 0.12890625 0.1234375
36 0.21484375 0.33359375 0.1 0.10078125
49 0.3578125 0.3328125 0.12265625 0.11640625
61 0.64140625 0.3265625 0.12265625 0.10859375
67 0.778125 0.32734375 0.1015625 0.11171875
99 0.39921875 0.565625 0.0578125 0.10390625
37 0.3234375 0.45625 0.06484375 0.09453125
56 0.4 0.4625 0.06484375 0.08984375
73 0.20859375 0.45 0.0546875 0.09140625
52 0.2578125 0.45234375 0.0578125 0.0953125
58 0.46328125 0.45 0.06953125 0.11171875
60 0.53515625 0.45234375 0.06328125 0.10625
69 0.26796875 0.5671875 0.0578125 0.0984375
89 0.35 0.565625 0.040625 0.10859375
15 0.47265625 0.56640625 0.06484375 0.10234375
20 0.53671875 0.56015625 0.0609375 0.0890625
20 0.6015625 0.5640625 0.0546875 0.0890625
22 0.74609375 0.5671875 0.0796875 0.0984375
22 0.66875 0.5671875 0.06640625 0.10546875
28 0.81484375 0.56328125 0.0578125 0.078125
79 0.47265625 0.67890625 0.0625 0.0921875
79 0.3484375 0.678125 0.06328125 0.09140625
79 0.27734375 0.68125 0.0734375 0.0828125
80 0.40625 0.67734375 0.0578125 0.0875
24 0.53203125 0.6796875 0.06640625 0.0875
40 0.6015625 0.68125 0.06328125 0.096875
95 0.6609375 0.6796875 0.06328125 0.096875
21 0.7375 0.684375 0.07265625 0.09296875
0 0.79296875 0.684375 0.06953125 0.10234375
25 0.28359375 0.80546875 0.07265625 0.11484375
25 0.22109375 0.8046875 0.07265625 0.1078125
27 0.35 0.80703125 0.06640625 0.1203125
35 0.41171875 0.8140625 0.0734375 0.1203125
41 0.47109375 0.8125 0.05625 0.11796875
39 0.53359375 0.8140625 0.0609375 0.12265625
106 0.65390625 0.8109375 0.06953125 0.12578125
100 0.71796875 0.8125 0.07109375 0.121875
101 0.78515625 0.8109375 0.0734375 0.12265625
78 0.59375 0.80859375 0.06796875 0.1234375