112 0.13203125 0.284375 0.1328125 0.084375
111 0.2390625 0.278125 0.1203125 0.09140625
94 0.32421875 0.3109375 0.0546875 0.03359375
93 0.3859375 0.31484375 0.0546875 0.03046875
1 0.3328125 0.240625 0.0546875 0.05234375
88 0.403125 0.23515625 0.05390625 0.06640625
51 0.603125 0.28671875 0.11015625 0.10546875
36 0.13125 0.37890625 0.1 0.0875
49 0.24609375 0.38359375 0.12734375 0.0859375
61 0.47890625 0.38984375 0.12734375 0.0953125
67 0.603125 0.3953125 0.09296875 0.0984375
18 0.0890625 0.584375 0.05078125 0.0875
99 0.25625 0.59765625 0.0609375 0.0875
37 0.2 0.49375 0.059375 0.08046875
56 0.2640625 0.50078125 0.05625 0.06640625
73 0.0921875 0.4859375 0.0625 0.0828125
52 0.146875 0.48046875 0.059375 0.08671875
58 0.32578125 0.49453125 0.0609375 0.09453125
60 0.384375 0.5 0.06796875 0.09453125
69 0.14609375 0.58984375 0.04609375 0.08359375
89 0.21015625 0.59296875 0.03046875 0.08125
15 0.3203125 0.60546875 0.05625 0.0890625
20 0.38359375 0.603125 0.08125 0.08125
20 0.43984375 0.6078125 0.0609375 0.08125
22 0.49296875 0.6171875 0.07109375 0.08671875
22 0.559375 0.62421875 0.07109375 0.08984375
79 0.10703125 0.6859375 0.0578125 0.08125
79 0.15546875 0.68828125 0.0796875 0.08671875
79 0.21328125 0.696875 0.06796875 0.084375
79 0.31796875 0.71015625 0.06328125 0.08984375
80 0.26015625 0.70390625 0.06640625 0.0859375
24 0.37734375 0.715625 0.0609375 0.08984375
40 0.42890625 0.721875 0.0625 0.0875
95 0.484375 0.7328125 0.07265625 0.0921875
21 0.55078125 0.73671875 0.0625 0.0953125
21 0.55703125 0.74375 0.0609375 0.0875
25 0.15 0.8109375 0.0765625 0.10625
25 0.09296875 0.80546875 0.0765625 0.10859375
27 0.20390625 0.81796875 0.06953125 0.10078125
35 0.25859375 0.8296875 0.0796875 0.10625
41 0.31328125 0.83359375 0.0734375 0.109375
39 0.36640625 0.8421875 0.0796875 0.1109375
106 0.47890625 0.85859375 0.075 0.11796875
100 0.54375 0.865625 0.06640625 0.1171875
78 0.42421875 0.85 0.06640625 0.109375