112 0.21640625 0.225 0.10546875 0.1
111 0.353125 0.22421875 0.13046875 0.1078125
94 0.453125 0.25625 0.0609375 0.03359375
93 0.525 0.25859375 0.06953125 0.034375
1 0.44921875 0.17734375 0.06796875 0.059375
88 0.53359375 0.1734375 0.0546875 0.07265625
50 0.78671875 0.2265625 0.1125 0.11171875
36 0.209375 0.34140625 0.1 0.09453125
49 0.35546875 0.34453125 0.12578125 0.10546875
61 0.63203125 0.34375 0.1328125 0.10546875
67 0.76796875 0.34375 0.0953125 0.10546875
99 0.3734375 0.57890625 0.0578125 0.103125
37 0.30625 0.46953125 0.0796875 0.096875
56 0.3828125 0.4765625 0.06796875 0.084375
53 0.23203125 0.4609375 0.0625 0.10234375
58 0.4546875 0.4625 0.0625 0.10625
60 0.5125 0.4671875 0.06484375 0.10546875
69 0.2390625 0.5796875 0.06640625 0.09296875
89 0.32734375 0.57734375 0.040625 0.0953125
15 0.4484375 0.58046875 0.075 0.1
20 0.57890625 0.57421875 0.0609375 0.084375
20 0.5171875 0.57421875 0.06484375 0.08125
22 0.65078125 0.58359375 0.0609375 0.0875
22 0.715625 0.5828125 0.06796875 0.0890625
28 0.78828125 0.578125 0.06640625 0.07890625
79 0.44296875 0.68984375 0.06640625 0.08984375
79 0.315625 0.6859375 0.0546875 0.0859375
79 0.2515625 0.68984375 0.06953125 0.09140625
80 0.3828125 0.68984375 0.0765625 0.09453125
24 0.5109375 0.69453125 0.075 0.09140625
42 0.5734375 0.6953125 0.05078125 0.0953125
21 0.7140625 0.70234375 0.06484375 0.0953125
25 0.1890625 0.82109375 0.0796875 0.11640625
27 0.253125 0.81953125 0.06953125 0.11171875
86 0.38515625 0.825 0.075 0.12265625
41 0.44921875 0.82265625 0.059375 0.12265625
39 0.5046875 0.825 0.06953125 0.11953125
100 0.68984375 0.82734375 0.075 0.11171875
103 0.62578125 0.8265625 0.05625 0.121875
48 0.64140625 0.696875 0.07109375 0.103125
34 0.7734375 0.6984375 0.07109375 0.103125
78 0.565625 0.825 0.0609375 0.11953125
46 0.765625 0.83203125 0.075 0.1265625