112 0.21328125 0.24921875 0.1171875 0.1796875
111 0.33984375 0.24609375 0.11171875 0.18671875
50 0.7484375 0.2453125 0.103125 0.1828125
36 0.209375 0.4484375 0.103125 0.16953125
49 0.34765625 0.45625 0.12421875 0.18515625
61 0.62109375 0.4515625 0.11328125 0.1640625
67 0.74609375 0.4578125 0.10546875 0.17421875
18 0.1875 0.8484375 0.06171875 0.15390625
99 0.3796875 0.85546875 0.04765625 0.175
37 0.315625 0.65703125 0.06484375 0.14921875
56 0.38515625 0.67421875 0.0546875 0.13828125
56 0.57421875 0.26796875 0.03359375 0.1453125
56 0.68359375 0.2734375 0.04296875 0.15234375
60 0.51484375 0.65234375 0.06171875 0.178125
52 0.24140625 0.6484375 0.04609375 0.1640625
93 0.521875 0.3140625 0.06484375 0.06171875
1 0.4546875 0.175 0.059375 0.09609375
94 0.45078125 0.31796875 0.0578125 0.06015625
88 0.5328125 0.16796875 0.0515625 0.11953125
73 0.19296875 0.6546875 0.0453125 0.1625
58 0.44765625 0.646875 0.0546875 0.17265625
69 0.25859375 0.8515625 0.0515625 0.16484375
89 0.334375 0.8484375 0.040625 0.1625
15 0.45546875 0.8484375 0.059375 0.17421875
20 0.51171875 0.83984375 0.04765625 0.15390625
20 0.575 0.83828125 0.06328125 0.1453125
22 0.6484375 0.84609375 0.05703125 0.15625
22 0.70859375 0.846875 0.059375 0.1609375
28 0.77734375 0.840625 0.05390625 0.1296875