112 0.25234375 0.36015625 0.09375 0.08671875
111 0.36328125 0.35390625 0.0984375 0.0984375
94 0.44921875 0.3859375 0.05390625 0.028125
93 0.50703125 0.38984375 0.059375 0.02734375
50 0.72734375 0.35859375 0.11171875 0.096875
36 0.26171875 0.45390625 0.07265625 0.07734375
49 0.3703125 0.4578125 0.11015625 0.0828125
61 0.60078125 0.45859375 0.08828125 0.07265625
67 0.71484375 0.45703125 0.08671875 0.0859375
99 0.40078125 0.63984375 0.04609375 0.07890625
37 0.33828125 0.55078125 0.05234375 0.07734375
56 0.3953125 0.55625 0.04765625 0.071875
53 0.27578125 0.54921875 0.04453125 0.0859375
58 0.4578125 0.54921875 0.05078125 0.08046875
60 0.509375 0.5484375 0.05234375 0.08359375
69 0.29375 0.63984375 0.05234375 0.071875
89 0.35625 0.63671875 0.0359375 0.08046875
15 0.4546875 0.63984375 0.05390625 0.07890625
20 0.55546875 0.634375 0.06953125 0.0609375
20 0.503125 0.63671875 0.0625 0.0671875
22 0.67265625 0.64140625 0.0609375 0.06953125
22 0.6203125 0.6421875 0.04453125 0.075
28 0.73046875 0.634375 0.0578125 0.05546875
79 0.45625 0.725 0.05390625 0.06640625
79 0.346875 0.7265625 0.04609375 0.06640625
79 0.2921875 0.72734375 0.04609375 0.07265625
80 0.4015625 0.72109375 0.04765625 0.0640625
24 0.50625 0.72734375 0.0609375 0.0671875
40 0.5609375 0.728125 0.04765625 0.0671875
21 0.671875 0.734375 0.05625 0.07890625
25 0.25 0.8265625 0.0578125 0.09140625
27 0.2984375 0.825 0.05625 0.08359375
41 0.4578125 0.8265625 0.05390625 0.08671875
39 0.50234375 0.82734375 0.04921875 0.0875
86 0.40546875 0.828125 0.0578125 0.09140625
72 0.3515625 0.8265625 0.05234375 0.08984375
103 0.60703125 0.8296875 0.059375 0.09453125
48 0.6125 0.72890625 0.05078125 0.0703125
34 0.72109375 0.7328125 0.05078125 0.0734375
78 0.553125 0.825 0.04765625 0.09453125
46 0.71171875 0.828125 0.0546875 0.0890625