101 0.675 0.16484375 0.05625 0.15625
101 0.6109375 0.165625 0.06484375 0.15078125
101 0.54453125 0.16796875 0.0625 0.1625
100 0.4765625 0.1640625 0.06796875 0.159375
100 0.4046875 0.16171875 0.06796875 0.15859375
100 0.33515625 0.15859375 0.06796875 0.165625
75 0.60703125 0.35859375 0.06484375 0.15078125
109 0.53671875 0.36171875 0.07265625 0.14453125
109 0.471875 0.36171875 0.0609375 0.14453125
110 0.409375 0.35859375 0.06640625 0.15078125
34 0.34921875 0.35859375 0.059375 0.15078125
35 0.671875 0.53359375 0.06796875 0.15
85 0.5984375 0.5265625 0.0625 0.1421875
85 0.53671875 0.52734375 0.0609375 0.14296875
39 0.41953125 0.54140625 0.06328125 0.14296875
41 0.35625 0.540625 0.0609375 0.13984375
79 0.603125 0.715625 0.04921875 0.0859375
79 0.54453125 0.721875 0.05078125 0.084375
79 0.49296875 0.71875 0.05390625 0.07734375
104 0.42734375 0.70234375 0.065625 0.12265625
43 0.36875 0.72109375 0.06171875 0.11015625
83 0.646875 0.83203125 0.06171875 0.1234375
27 0.6 0.83515625 0.05234375 0.10859375
25 0.4890625 0.8359375 0.0484375 0.109375
25 0.43125 0.846875 0.05703125 0.1265625
63 0.37265625 0.84765625 0.0609375 0.121875