18 0.109375 0.09765625 0.0890625 0.1953125
69 0.20390625 0.0984375 0.09140625 0.196875
89 0.31796875 0.1 0.04140625 0.2
99 0.37265625 0.1 0.0625 0.2
15 0.47265625 0.1015625 0.08828125 0.203125
20 0.5609375 0.096875 0.078125 0.19375
20 0.64140625 0.0953125 0.0796875 0.190625
22 0.74453125 0.0953125 0.0890625 0.190625
22 0.82890625 0.09765625 0.09609375 0.1953125
28 0.93046875 0.0859375 0.09375 0.17109375
79 0.16875 0.3546875 0.059375 0.18828125
79 0.240625 0.35859375 0.07578125 0.18515625
79 0.32578125 0.3515625 0.0578125 0.1828125
81 0.40234375 0.346875 0.07578125 0.175
79 0.48046875 0.340625 0.06796875 0.20078125
24 0.553125 0.33828125 0.0734375 0.1953125
25 0.2109375 0.60546875 0.06328125 0.21875
25 0.28125 0.609375 0.06328125 0.22421875
27 0.346875 0.60625 0.06484375 0.2171875
35 0.4109375 0.609375 0.06328125 0.22109375
41 0.48046875 0.6140625 0.0671875 0.2328125
39 0.55 0.61328125 0.0625 0.234375
78 0.61640625 0.6171875 0.0734375 0.23125
106 0.6796875 0.6125 0.06171875 0.21875
100 0.75078125 0.6140625 0.08046875 0.22109375
101 0.81953125 0.6125 0.0625 0.22421875
40 0.634375 0.35546875 0.0765625 0.21015625
96 0.7109375 0.37421875 0.05703125 0.18671875
21 0.796875 0.37421875 0.0734375 0.175
0 0.87734375 0.36640625 0.0625 0.21015625