112 0.24921875 0.24140625 0.10859375 0.0875
111 0.359375 0.24140625 0.1203125 0.08984375
94 0.45625 0.26796875 0.059375 0.0328125
93 0.528125 0.2703125 0.0609375 0.03046875
1 0.4578125 0.19453125 0.06484375 0.05625
88 0.5328125 0.1921875 0.05625 0.0609375
51 0.77109375 0.23046875 0.1125 0.109375
36 0.234375 0.346875 0.08984375 0.08984375
49 0.3671875 0.35234375 0.1125 0.103125
61 0.62734375 0.34375 0.1140625 0.096875
67 0.746875 0.3453125 0.0953125 0.0984375
99 0.38984375 0.56875 0.06484375 0.10078125
37 0.33046875 0.4625 0.06484375 0.0859375
56 0.40234375 0.46875 0.0609375 0.07578125
52 0.265625 0.4625 0.059375 0.0890625
58 0.46484375 0.45859375 0.05390625 0.0984375
60 0.5265625 0.46015625 0.06640625 0.09296875
69 0.2703125 0.57109375 0.0578125 0.09765625
89 0.3484375 0.56875 0.040625 0.10546875
15 0.4640625 0.57265625 0.06640625 0.096875
20 0.58359375 0.56953125 0.05625 0.08671875
20 0.52734375 0.56484375 0.05625 0.0921875
22 0.72421875 0.57109375 0.0796875 0.0984375
22 0.653125 0.57109375 0.05625 0.1
28 0.79375 0.5671875 0.059375 0.07734375
79 0.46484375 0.68125 0.05625 0.09296875
79 0.3390625 0.6859375 0.059375 0.0953125
79 0.278125 0.6796875 0.0578125 0.0921875
80 0.403125 0.6828125 0.059375 0.0875
24 0.52578125 0.6828125 0.0625 0.09140625
40 0.58828125 0.68515625 0.04765625 0.0921875
95 0.65 0.684375 0.059375 0.0953125
21 0.7203125 0.69140625 0.0609375 0.0921875
0 0.77890625 0.6890625 0.0828125 0.09765625
25 0.2796875 0.8125 0.06484375 0.1125
25 0.2140625 0.8109375 0.0609375 0.1171875
27 0.33828125 0.8125 0.07265625 0.12265625
35 0.39921875 0.82109375 0.06953125 0.1234375
41 0.4640625 0.81953125 0.06796875 0.11953125
39 0.521875 0.81875 0.0625 0.1265625
106 0.6421875 0.82109375 0.06328125 0.1265625
100 0.70625 0.81953125 0.06953125 0.12890625
101 0.7703125 0.82109375 0.06796875 0.11953125
78 0.58203125 0.81796875 0.06796875 0.12890625