94 0.4703125 0.24921875 0.0609375 0.03046875
93 0.53984375 0.25234375 0.06328125 0.02734375
1 0.46875 0.1734375 0.06640625 0.03984375
51 0.7609375 0.2203125 0.0984375 0.1125
49 0.365625 0.3375 0.1 0.084375
61 0.60859375 0.334375 0.096875 0.08359375
67 0.72890625 0.33359375 0.08671875 0.08125
99 0.4015625 0.540625 0.05078125 0.08984375
37 0.3375 0.4375 0.0734375 0.0890625
56 0.409375 0.44375 0.04921875 0.08046875
52 0.27421875 0.4375 0.05078125 0.09296875
58 0.46875 0.434375 0.05234375 0.09296875
60 0.528125 0.434375 0.06640625 0.09765625
69 0.2859375 0.54296875 0.04765625 0.0859375
89 0.3515625 0.5421875 0.04375 0.0890625
15 0.4640625 0.54375 0.059375 0.1
20 0.5796875 0.53359375 0.05625 0.08359375
20 0.515625 0.53828125 0.05625 0.08671875
22 0.63671875 0.5375 0.04921875 0.08671875
22 0.696875 0.5375 0.06796875 0.07890625
28 0.75625 0.53046875 0.05390625 0.06953125
79 0.4640625 0.6484375 0.05234375 0.07890625
79 0.3390625 0.65234375 0.0625 0.08359375
80 0.40546875 0.64921875 0.0546875 0.08671875
24 0.52265625 0.64375 0.05234375 0.084375
40 0.5765625 0.64453125 0.05390625 0.08671875
95 0.6296875 0.64140625 0.04453125 0.0828125
21 0.6921875 0.64765625 0.04765625 0.08671875
0 0.7390625 0.6421875 0.0609375 0.08359375
25 0.28359375 0.78046875 0.0578125 0.11953125
25 0.23125 0.78203125 0.0609375 0.11796875
27 0.33984375 0.778125 0.0578125 0.11484375
35 0.403125 0.76875 0.05390625 0.12265625
41 0.46171875 0.77265625 0.0578125 0.11484375
39 0.5125 0.7609375 0.05625 0.1109375
106 0.6265625 0.7609375 0.0578125 0.10859375
100 0.67734375 0.759375 0.0578125 0.10390625
101 0.72421875 0.75546875 0.0625 0.10546875
78 0.57265625 0.76015625 0.0578125 0.1140625