112 0.2328125 0.24765625 0.11015625 0.10078125
111 0.35625 0.2390625 0.12265625 0.109375
94 0.46171875 0.27578125 0.0578125 0.03359375
93 0.5359375 0.27734375 0.059375 0.0296875
1 0.46015625 0.1953125 0.0609375 0.0609375
88 0.5421875 0.18984375 0.059375 0.0671875
51 0.7984375 0.234375 0.12734375 0.1234375
36 0.2296875 0.3546875 0.0984375 0.09765625
49 0.3640625 0.36015625 0.1203125 0.1109375
61 0.63359375 0.35703125 0.1125 0.10234375
67 0.765625 0.359375 0.0984375 0.10078125
99 0.40078125 0.5765625 0.0609375 0.09453125
37 0.32890625 0.47421875 0.0734375 0.0890625
56 0.4015625 0.478125 0.05625 0.08359375
73 0.21796875 0.47109375 0.05078125 0.0875
52 0.26875 0.46796875 0.05625 0.09296875
58 0.46640625 0.46953125 0.06796875 0.1
60 0.53046875 0.47109375 0.07109375 0.0984375
69 0.278125 0.5734375 0.05078125 0.0875
89 0.35625 0.57265625 0.0375 0.09140625
15 0.46953125 0.57890625 0.06796875 0.0921875
20 0.590625 0.5734375 0.0546875 0.08359375
20 0.53046875 0.57109375 0.059375 0.07265625
22 0.7203125 0.5828125 0.078125 0.0953125
22 0.6546875 0.5796875 0.07109375 0.09453125
28 0.7921875 0.57890625 0.05625 0.07265625
79 0.4640625 0.6765625 0.0546875 0.075
79 0.34921875 0.67421875 0.0390625 0.0703125
79 0.2890625 0.6734375 0.0578125 0.071875
80 0.40625 0.67421875 0.0546875 0.07734375
24 0.52265625 0.67890625 0.059375 0.075
40 0.58671875 0.68046875 0.0625 0.078125
95 0.646875 0.6828125 0.0546875 0.07890625
21 0.71328125 0.68984375 0.0578125 0.08125
0 0.76796875 0.68671875 0.07265625 0.08671875
25 0.29453125 0.7921875 0.06484375 0.0828125
25 0.234375 0.7859375 0.06953125 0.08984375
27 0.35078125 0.790625 0.06484375 0.09140625
35 0.409375 0.79765625 0.0609375 0.1109375
41 0.4640625 0.790625 0.06328125 0.10390625
39 0.521875 0.79765625 0.059375 0.10234375
106 0.63125 0.80078125 0.05390625 0.10859375
100 0.69375 0.80234375 0.06484375 0.103125
101 0.75 0.8015625 0.06484375 0.10390625
78 0.57578125 0.79609375 0.0578125 0.10390625