55 0.05390625 0.1109375 0.09375 0.11640625
74 0.15859375 0.1015625 0.10859375 0.1375
56 0.28828125 0.11640625 0.07109375 0.11796875
37 0.37578125 0.11484375 0.1 0.125
64 0.48046875 0.115625 0.08125 0.13359375
66 0.56015625 0.12890625 0.0546875 0.1109375
67 0.659375 0.1296875 0.06953125 0.11640625
18 0.74609375 0.12578125 0.06796875 0.11484375
98 0.8359375 0.13125 0.0984375 0.1109375
57 0.91484375 0.1296875 0.059375 0.11796875
112 0.134375 0.33671875 0.16171875 0.17265625
114 0.36484375 0.3328125 0.153125 0.15390625
32 0.52265625 0.34921875 0.0984375 0.1125
53 0.609375 0.33671875 0.08125 0.128125
71 0.7421875 0.34609375 0.1390625 0.10859375
4 0.88203125 0.346875 0.07109375 0.0984375
105 0.8640625 0.49765625 0.08671875 0.15703125
104 0.77734375 0.49609375 0.06796875 0.1515625
28 0.7203125 0.53046875 0.075 0.0953125
76 0.63828125 0.5359375 0.08671875 0.10234375
77 0.5578125 0.5359375 0.06484375 0.10390625
80 0.46484375 0.5375 0.0734375 0.1171875
79 0.38125 0.540625 0.0796875 0.1203125
79 0.2953125 0.5421875 0.08359375 0.121875
79 0.2078125 0.55234375 0.0765625 0.1234375
79 0.1140625 0.5546875 0.08671875 0.11796875
27 0.84296875 0.67890625 0.096875 0.1421875
38 0.76328125 0.68828125 0.05390625 0.15
38 0.69296875 0.68515625 0.0609375 0.1375
34 0.62109375 0.6921875 0.0625 0.1390625
109 0.5390625 0.6984375 0.06796875 0.14765625
68 0.4671875 0.70390625 0.075 0.153125
78 0.3890625 0.7171875 0.07265625 0.16484375
78 0.3015625 0.72109375 0.0734375 0.15703125
78 0.21953125 0.725 0.08515625 0.1515625
78 0.13046875 0.72890625 0.09296875 0.15390625
27 0.81953125 0.83984375 0.0828125 0.11953125
27 0.68125 0.85703125 0.05234375 0.11796875
27 0.61796875 0.871875 0.0546875 0.13125
27 0.5421875 0.878125 0.07109375 0.1375
25 0.47109375 0.88125 0.07109375 0.134375
25 0.39375 0.89375 0.0609375 0.14296875
25 0.3109375 0.9 0.078125 0.1359375
25 0.23359375 0.909375 0.0796875 0.15
25 0.1515625 0.92421875 0.06953125 0.1515625