112 0.21328125 0.2203125 0.09375 0.06328125
111 0.325 0.22109375 0.12890625 0.06875
94 0.40859375 0.24296875 0.05078125 0.028125
93 0.475 0.2421875 0.05625 0.02734375
1 0.4078125 0.178125 0.0546875 0.04375
88 0.48203125 0.175 0.04609375 0.05390625
51 0.68828125 0.21015625 0.1140625 0.0953125
36 0.21015625 0.309375 0.09140625 0.0828125
49 0.315625 0.31484375 0.10703125 0.07890625
61 0.55703125 0.31328125 0.10703125 0.08359375
67 0.67421875 0.3109375 0.0984375 0.0859375
99 0.34765625 0.5203125 0.0390625 0.0984375
37 0.2859375 0.41953125 0.05625 0.08125
56 0.35234375 0.421875 0.05390625 0.06953125
52 0.2140625 0.4171875 0.05234375 0.08125
58 0.4125 0.41640625 0.0546875 0.0890625
60 0.47109375 0.425 0.059375 0.0859375
69 0.2234375 0.51953125 0.04765625 0.0890625
89 0.29765625 0.5265625 0.03203125 0.0890625
15 0.41171875 0.5234375 0.0765625 0.096875
20 0.52734375 0.5265625 0.05078125 0.08046875
20 0.471875 0.52421875 0.0578125 0.0828125
22 0.64921875 0.52578125 0.06640625 0.0875
22 0.58984375 0.52421875 0.06796875 0.0890625
28 0.715625 0.51953125 0.05625 0.06953125
79 0.22578125 0.6375 0.06953125 0.0859375
79 0.28671875 0.63828125 0.0546875 0.0828125
79 0.41015625 0.63125 0.05390625 0.1
80 0.34921875 0.63828125 0.05078125 0.07734375
24 0.465625 0.634375 0.0546875 0.08984375
40 0.525 0.634375 0.0609375 0.09140625
95 0.584375 0.63984375 0.0609375 0.08671875
21 0.6484375 0.64375 0.0578125 0.084375
0 0.71171875 0.63828125 0.06640625 0.084375
25 0.22265625 0.7609375 0.06640625 0.12578125
25 0.16640625 0.7546875 0.06328125 0.1203125
27 0.284375 0.7640625 0.059375 0.12578125
35 0.34296875 0.76640625 0.06328125 0.128125
41 0.40625 0.7640625 0.0546875 0.13125
39 0.465625 0.759375 0.0578125 0.1203125
106 0.578125 0.76328125 0.059375 0.125
100 0.63828125 0.7625 0.06640625 0.11484375
101 0.7 0.7609375 0.0609375 0.1265625
78 0.52109375 0.7625 0.05234375 0.1234375