112 0.2828125 0.33515625 0.0828125 0.09765625
111 0.39375 0.334375 0.115625 0.09453125
94 0.48125 0.365625 0.05625 0.028125
93 0.540625 0.36796875 0.0625 0.03046875
1 0.47734375 0.2984375 0.0546875 0.0453125
88 0.5515625 0.30078125 0.04375 0.0390625
50 0.753125 0.3296875 0.09140625 0.103125
36 0.28515625 0.434375 0.0609375 0.08359375
49 0.39296875 0.43984375 0.10546875 0.08984375
61 0.6375 0.43515625 0.09375 0.084375
67 0.7390625 0.4359375 0.08359375 0.08984375
99 0.42109375 0.63046875 0.04375 0.084375
37 0.3671875 0.5390625 0.07265625 0.08046875
56 0.42890625 0.53984375 0.05078125 0.0703125
53 0.29921875 0.53515625 0.04609375 0.08046875
58 0.48671875 0.53125 0.04453125 0.0875
60 0.540625 0.5328125 0.05625 0.08671875
69 0.315625 0.63125 0.0546875 0.07734375
89 0.38046875 0.63046875 0.03203125 0.08046875
15 0.48671875 0.63125 0.05390625 0.0890625
20 0.58125 0.6203125 0.05078125 0.06953125
20 0.5328125 0.61875 0.05078125 0.0671875
22 0.6484375 0.62265625 0.06640625 0.07734375
22 0.71015625 0.62265625 0.06640625 0.07890625
28 0.7578125 0.6171875 0.04921875 0.06328125
79 0.48359375 0.715625 0.05078125 0.075
79 0.37265625 0.7171875 0.0625 0.08046875
79 0.31953125 0.7234375 0.04921875 0.07578125
80 0.42734375 0.71796875 0.05390625 0.0734375
24 0.5328125 0.71640625 0.05390625 0.07578125
40 0.58984375 0.71484375 0.04453125 0.06640625
21 0.70078125 0.71484375 0.059375 0.07734375
25 0.26875 0.828125 0.05234375 0.08046875
27 0.321875 0.828125 0.0625 0.0984375
86 0.4296875 0.82265625 0.0546875 0.09765625
41 0.48359375 0.8265625 0.04765625 0.09765625
39 0.53203125 0.825 0.04921875 0.09453125
100 0.68515625 0.8125 0.05625 0.0890625
72 0.37734375 0.82734375 0.05234375 0.0984375
103 0.63125 0.81953125 0.05078125 0.09296875
48 0.64140625 0.71796875 0.05078125 0.08359375
34 0.746875 0.71171875 0.059375 0.078125
78 0.58125 0.82109375 0.05078125 0.09765625
46 0.73671875 0.81640625 0.0609375 0.096875