25 0.35078125 0.31015625 0.06484375 0.1671875
25 0.4796875 0.31171875 0.06796875 0.1640625
35 0.7484375 0.31640625 0.0765625 0.16171875
41 0.61015625 0.5234375 0.059375 0.13359375
41 0.54140625 0.52578125 0.06640625 0.1265625
101 0.478125 0.70546875 0.05625 0.1265625
101 0.540625 0.7078125 0.059375 0.12265625
101 0.60703125 0.70859375 0.06484375 0.11953125
101 0.67109375 0.70859375 0.05234375 0.1234375
100 0.41640625 0.70390625 0.06640625 0.12578125
39 0.72265625 0.8734375 0.06484375 0.1171875
39 0.659375 0.87421875 0.0625 0.11484375
39 0.59765625 0.87421875 0.06328125 0.11640625
39 0.53828125 0.8734375 0.0578125 0.1171875
39 0.47421875 0.87265625 0.06640625 0.1171875
91 0.678125 0.31484375 0.06484375 0.1515625
91 0.4078125 0.5203125 0.0625 0.15703125
91 0.34453125 0.50703125 0.0609375 0.153125