112 0.25546875 0.35390625 0.10234375 0.08984375
111 0.3671875 0.36171875 0.0984375 0.08125
94 0.4421875 0.38984375 0.05390625 0.0296875
93 0.5015625 0.390625 0.0625 0.02578125
1 0.44140625 0.32578125 0.0546875 0.04453125
88 0.50859375 0.32734375 0.0359375 0.05078125
51 0.715625 0.35625 0.09140625 0.1
36 0.24765625 0.4515625 0.078125 0.07890625
49 0.36328125 0.45546875 0.0984375 0.08046875
61 0.58828125 0.45625 0.10234375 0.07890625
67 0.7015625 0.4609375 0.09296875 0.078125
99 0.38671875 0.63828125 0.04453125 0.08046875
37 0.3375 0.5484375 0.05625 0.07890625
56 0.40078125 0.55078125 0.05234375 0.07265625
52 0.28046875 0.54609375 0.04609375 0.0734375
58 0.45390625 0.5453125 0.05390625 0.08984375
60 0.50390625 0.54765625 0.0625 0.0890625
69 0.29140625 0.63515625 0.04765625 0.07734375
89 0.34765625 0.63828125 0.03046875 0.07578125
15 0.4515625 0.64296875 0.0546875 0.07890625
20 0.5515625 0.63984375 0.05625 0.0703125
20 0.503125 0.63984375 0.05078125 0.06640625
22 0.61015625 0.6453125 0.05078125 0.07734375
28 0.725 0.64296875 0.0578125 0.06875
79 0.4484375 0.72578125 0.04375 0.06953125
79 0.3484375 0.72734375 0.04921875 0.075
79 0.2953125 0.725 0.04609375 0.0671875
79 0.2515625 0.72265625 0.040625 0.071875
80 0.4 0.728125 0.059375 0.06484375
24 0.50234375 0.72890625 0.04921875 0.06875
40 0.5515625 0.7328125 0.0546875 0.06953125
21 0.66171875 0.74140625 0.05625 0.075
25 0.24375 0.82890625 0.059375 0.09296875
25 0.34765625 0.83203125 0.059375 0.09296875
27 0.29765625 0.83203125 0.04765625 0.08671875
35 0.39609375 0.83671875 0.0578125 0.0953125
41 0.4484375 0.83828125 0.05234375 0.0921875
39 0.49765625 0.840625 0.0546875 0.096875
100 0.6515625 0.84765625 0.0625 0.096875
101 0.709375 0.85 0.0625 0.1
103 0.6 0.8453125 0.059375 0.0953125
34 0.7078125 0.7421875 0.0609375 0.084375
78 0.546875 0.84609375 0.0578125 0.0984375