36 0.19921875 0.11328125 0.11953125 0.2140625
49 0.3625 0.12734375 0.14453125 0.23125
61 0.68203125 0.12421875 0.134375 0.21953125
67 0.8640625 0.13125 0.121875 0.21015625
18 0.2140625 0.56953125 0.06328125 0.16640625
99 0.41640625 0.5765625 0.04609375 0.175
37 0.34140625 0.36640625 0.07421875 0.18125
56 0.41640625 0.38046875 0.07109375 0.16484375
60 0.5671875 0.3625 0.0703125 0.2125
52 0.25859375 0.3640625 0.05625 0.1953125
73 0.20390625 0.36953125 0.05390625 0.16953125
58 0.5 0.3640625 0.059375 0.21015625
69 0.2890625 0.5703125 0.06484375 0.16640625
89 0.37421875 0.571875 0.0390625 0.17265625
15 0.49375 0.578125 0.0671875 0.175
20 0.56171875 0.56484375 0.06015625 0.146875
20 0.6265625 0.56953125 0.0703125 0.1578125
22 0.69921875 0.57421875 0.05625 0.16484375
22 0.7703125 0.578125 0.065625 0.16640625
28 0.846875 0.57265625 0.059375 0.1390625
79 0.24296875 0.75625 0.053125 0.146875
79 0.30390625 0.75703125 0.059375 0.15078125
79 0.36953125 0.753125 0.05625 0.146875
79 0.49453125 0.75625 0.0578125 0.14375
79 0.43203125 0.75234375 0.06171875 0.125
24 0.55546875 0.7515625 0.0578125 0.13828125
40 0.62109375 0.75546875 0.05625 0.1453125
95 0.68203125 0.76953125 0.06328125 0.1625
21 0.75078125 0.77578125 0.059375 0.15078125
0 0.815625 0.77578125 0.071875 0.16796875
25 0.26171875 0.928125 0.059375 0.1234375
25 0.3234375 0.93046875 0.06484375 0.13046875
25 0.38203125 0.92890625 0.0578125 0.13359375
35 0.4421875 0.93359375 0.05703125 0.13125
41 0.4953125 0.93359375 0.059375 0.128125
39 0.55234375 0.934375 0.05625 0.13046875
78 0.609375 0.93359375 0.0578125 0.11953125
106 0.659375 0.9359375 0.059375 0.12734375
100 0.71875 0.93828125 0.0640625 0.12265625
101 0.78046875 0.9390625 0.05625 0.121875