112 0.20625 0.2765625 0.11953125 0.0984375
111 0.33515625 0.271875 0.11953125 0.11015625
50 0.79453125 0.26875 0.1375 0.115625
36 0.1953125 0.39375 0.11171875 0.1
49 0.33828125 0.40078125 0.12734375 0.11015625
61 0.63046875 0.3984375 0.12109375 0.1109375
67 0.80234375 0.3984375 0.1046875 0.1078125
18 0.184375 0.6265625 0.0578125 0.0984375
99 0.38125 0.63125 0.0390625 0.10078125
37 0.31015625 0.51796875 0.06640625 0.09453125
56 0.38125 0.52890625 0.06640625 0.08515625
56 0.5890625 0.28125 0.05625 0.08828125
56 0.69375 0.27890625 0.06953125 0.09296875
60 0.528125 0.51875 0.07109375 0.11015625
52 0.2359375 0.51171875 0.0515625 0.1
93 0.528125 0.3078125 0.06484375 0.0375
1 0.4546875 0.22265625 0.053125 0.06484375
94 0.44765625 0.30859375 0.0578125 0.03359375
88 0.53515625 0.21640625 0.0546875 0.0703125
73 0.18515625 0.51796875 0.046875 0.09296875
58 0.4578125 0.51875 0.053125 0.11015625
69 0.25 0.628125 0.053125 0.09453125
89 0.340625 0.63203125 0.040625 0.1046875
15 0.4546875 0.63671875 0.06171875 0.1078125
20 0.52578125 0.6328125 0.0578125 0.09296875
20 0.59375 0.63359375 0.06171875 0.09609375
22 0.665625 0.64296875 0.0609375 0.1
22 0.7328125 0.64609375 0.07109375 0.0984375
28 0.81171875 0.6453125 0.07265625 0.09296875
79 0.20390625 0.7390625 0.0546875 0.09453125
79 0.2625 0.74296875 0.06796875 0.1
79 0.33125 0.740625 0.06015625 0.0953125
79 0.4578125 0.7484375 0.06328125 0.09296875
79 0.3953125 0.74296875 0.06484375 0.0953125
24 0.52265625 0.746875 0.06171875 0.08984375
40 0.5890625 0.753125 0.06171875 0.0859375
95 0.6515625 0.7625 0.06328125 0.1046875
0 0.7953125 0.76953125 0.084375 0.10546875
25 0.2109375 0.86015625 0.06484375 0.1109375
25 0.27265625 0.86328125 0.06796875 0.1046875
27 0.33828125 0.86640625 0.06328125 0.1109375
35 0.4 0.8765625 0.05625 0.12109375
41 0.45546875 0.88671875 0.06953125 0.12578125
39 0.5203125 0.88828125 0.06953125 0.12421875
78 0.58046875 0.88671875 0.06953125 0.128125
106 0.64375 0.89453125 0.06796875 0.128125
100 0.71171875 0.8953125 0.07734375 0.12578125
101 0.77578125 0.89921875 0.06640625 0.12265625