111 0.12734375 0.2609375 0.13359375 0.22265625
50 0.67734375 0.23046875 0.15390625 0.27578125
49 0.13828125 0.51953125 0.13828125 0.2171875
61 0.47421875 0.52890625 0.153125 0.2328125
67 0.66640625 0.534375 0.14296875 0.2484375
37 0.11015625 0.7671875 0.0671875 0.20546875
56 0.4109375 0.27109375 0.0625 0.20234375
56 0.54453125 0.265625 0.07578125 0.2109375
56 0.1921875 0.78515625 0.0703125 0.1953125
60 0.3578125 0.7890625 0.0703125 0.2328125
52 0.0328125 0.7609375 0.06484375 0.2140625
93 0.3390625 0.334375 0.071875 0.08515625
1 0.25 0.15859375 0.0703125 0.1234375
94 0.2484375 0.33828125 0.05703125 0.08203125
88 0.35078125 0.1328125 0.0625 0.15625
58 0.27421875 0.7796875 0.07109375 0.234375