112 0.2296875 0.3296875 0.11484375 0.16640625
111 0.35703125 0.3203125 0.11484375 0.1828125
56 0.596875 0.34609375 0.03984375 0.13828125
56 0.69296875 0.34375 0.0640625 0.13828125
49 0.36171875 0.5375 0.11953125 0.18515625
61 0.63203125 0.53203125 0.1078125 0.1703125
67 0.77421875 0.53671875 0.096875 0.16796875
73 0.19140625 0.74140625 0.0453125 0.1609375
52 0.25234375 0.73125 0.05703125 0.17578125
56 0.39375 0.7546875 0.0625 0.1453125
58 0.471875 0.73125 0.053125 0.17734375
60 0.5328125 0.73671875 0.06328125 0.19375
18 0.190625 0.92890625 0.05703125 0.1421875
69 0.26171875 0.928125 0.05703125 0.14296875
89 0.3375 0.92890625 0.0421875 0.1421875
99 0.38203125 0.9296875 0.0421875 0.140625
15 0.465625 0.92890625 0.0578125 0.1421875
20 0.53046875 0.9234375 0.05234375 0.12890625
20 0.5921875 0.92890625 0.06171875 0.1421875
22 0.66015625 0.93125 0.0703125 0.1375
22 0.73203125 0.93125 0.06484375 0.1375
28 0.809375 0.93984375 0.053125 0.11953125
1 0.471875 0.2578125 0.0515625 0.11171875
87 0.5484375 0.23515625 0.05390625 0.11953125
94 0.46328125 0.38671875 0.06015625 0.06640625
92 0.53828125 0.38828125 0.07578125 0.071875
50 0.78125 0.3125 0.11015625 0.2109375
36 0.2140625 0.5234375 0.11328125 0.175
11 0.50546875 0.5421875 0.096875 0.140625
36 0.328125 0.7453125 0.065625 0.17421875