112 0.24375 0.234375 0.08828125 0.08046875
111 0.35234375 0.23046875 0.11171875 0.0921875
94 0.43671875 0.26015625 0.04921875 0.025
93 0.49609375 0.25859375 0.0578125 0.03125
1 0.434375 0.190625 0.06328125 0.05234375
88 0.503125 0.1859375 0.04609375 0.0640625
50 0.703125 0.22265625 0.10703125 0.10390625
36 0.25390625 0.3265625 0.06484375 0.0828125
49 0.34921875 0.32578125 0.1 0.0859375
61 0.58515625 0.3265625 0.10546875 0.08671875
67 0.68671875 0.328125 0.08515625 0.0875
99 0.384375 0.52109375 0.0421875 0.08359375
37 0.32734375 0.43046875 0.059375 0.0734375
56 0.38515625 0.4375 0.04921875 0.0703125
52 0.26640625 0.42578125 0.04375 0.08125
58 0.43671875 0.4265625 0.0578125 0.084375
60 0.49765625 0.4265625 0.0546875 0.08671875
69 0.27890625 0.52265625 0.0546875 0.0828125
89 0.3453125 0.51953125 0.0390625 0.0828125
15 0.4484375 0.5234375 0.04609375 0.08359375
20 0.55625 0.51953125 0.05078125 0.071875
20 0.503125 0.51484375 0.05234375 0.07265625
22 0.66171875 0.51875 0.05625 0.078125
22 0.60625 0.51953125 0.0546875 0.07890625
28 0.72734375 0.5140625 0.05390625 0.05859375
79 0.446875 0.61171875 0.040625 0.07734375
79 0.34453125 0.61328125 0.04375 0.08046875
79 0.28828125 0.61796875 0.06328125 0.07265625
80 0.3953125 0.61328125 0.05390625 0.075
24 0.5 0.61328125 0.05390625 0.071875
40 0.55390625 0.6125 0.04375 0.07734375
21 0.66328125 0.61640625 0.05078125 0.08046875
25 0.24453125 0.71484375 0.0546875 0.0953125
27 0.296875 0.71640625 0.0609375 0.08984375
86 0.40078125 0.7171875 0.0578125 0.1
41 0.44296875 0.71640625 0.04921875 0.10546875
39 0.49609375 0.71796875 0.0578125 0.10234375
100 0.64921875 0.71953125 0.05625 0.09765625
101 0.6984375 0.71484375 0.04921875 0.09453125
72 0.34765625 0.71953125 0.05390625 0.1
103 0.59765625 0.71640625 0.0546875 0.09296875
48 0.6046875 0.6125 0.0546875 0.07890625
34 0.70703125 0.6109375 0.05625 0.08671875
78 0.5453125 0.71796875 0.04921875 0.0953125