112 0.17578125 0.23203125 0.1359375 0.17421875
111 0.3109375 0.228125 0.11328125 0.1765625
50 0.74609375 0.2015625 0.1109375 0.20703125
36 0.1828125 0.42734375 0.11328125 0.16953125
49 0.31640625 0.43125 0.11953125 0.17265625
61 0.57890625 0.42421875 0.12265625 0.16640625
67 0.7296875 0.4234375 0.11171875 0.1796875
18 0.17109375 0.81875 0.05703125 0.15390625
99 0.3578125 0.81796875 0.04765625 0.16640625
37 0.28828125 0.6328125 0.0625 0.1609375
56 0.53671875 0.23984375 0.04921875 0.15078125
56 0.63984375 0.2359375 0.06328125 0.14375
56 0.3609375 0.63671875 0.06796875 0.14921875
60 0.4890625 0.6234375 0.0625 0.1765625
52 0.215625 0.62578125 0.04765625 0.17109375
93 0.484375 0.2796875 0.06484375 0.05859375
1 0.40859375 0.14140625 0.0515625 0.103125
94 0.41015625 0.28203125 0.06171875 0.06640625
88 0.48828125 0.12578125 0.0515625 0.125
73 0.16640625 0.6296875 0.04765625 0.1578125
58 0.4296875 0.625 0.0546875 0.175
69 0.23515625 0.81484375 0.05625 0.1609375
89 0.30859375 0.81640625 0.0390625 0.15546875
15 0.43203125 0.815625 0.0578125 0.16484375
20 0.49140625 0.80234375 0.05390625 0.1421875
20 0.5515625 0.8046875 0.053125 0.14375
22 0.61640625 0.8125 0.06875 0.1625
22 0.68359375 0.8109375 0.065625 0.15546875
28 0.75859375 0.809375 0.065625 0.13828125