112 0.21328125 0.15546875 0.11171875 0.0828125
111 0.34296875 0.15 0.14765625 0.0875
94 0.45703125 0.1734375 0.05234375 0.0359375
93 0.5390625 0.17265625 0.07109375 0.03671875
1 0.453125 0.08515625 0.06328125 0.06640625
88 0.5421875 0.0828125 0.05078125 0.0703125
51 0.80859375 0.125 0.12421875 0.1203125
36 0.20390625 0.2671875 0.0953125 0.10234375
49 0.346875 0.265625 0.1125 0.11171875
61 0.6625 0.2546875 0.12734375 0.1125
67 0.80234375 0.25625 0.10859375 0.1140625
99 0.384375 0.5265625 0.07109375 0.1140625
37 0.3078125 0.4015625 0.08125 0.1109375
56 0.39375 0.409375 0.0578125 0.08046875
52 0.2296875 0.40078125 0.06484375 0.10546875
58 0.47421875 0.3921875 0.06953125 0.11640625
60 0.54296875 0.403125 0.0796875 0.11171875
69 0.24296875 0.53125 0.0609375 0.1078125
89 0.3265625 0.528125 0.0421875 0.1125
15 0.46640625 0.5296875 0.08515625 0.1171875
20 0.61796875 0.5296875 0.06328125 0.10234375
20 0.5421875 0.52890625 0.07265625 0.1078125
22 0.77890625 0.5296875 0.09140625 0.11484375
22 0.696875 0.528125 0.0828125 0.1125
28 0.86171875 0.51796875 0.0734375 0.096875
79 0.475 0.659375 0.0625 0.11640625
79 0.325 0.66328125 0.0625 0.10078125
79 0.25625 0.6625 0.06328125 0.103125
79 0.18046875 0.66875 0.05625 0.0953125
80 0.3984375 0.66328125 0.06484375 0.10625
24 0.54375 0.6625 0.07265625 0.1140625
40 0.61640625 0.6640625 0.078125 0.11953125
95 0.6984375 0.6640625 0.059375 0.1171875
21 0.77421875 0.67578125 0.08671875 0.1
0 0.84375 0.671875 0.08671875 0.125
25 0.25 0.81953125 0.0953125 0.14765625
25 0.178125 0.81796875 0.09296875 0.1421875
27 0.32734375 0.82265625 0.075 0.15
35 0.40625 0.82265625 0.08125 0.153125
41 0.4734375 0.82578125 0.078125 0.15625
39 0.54765625 0.8234375 0.0734375 0.1515625
106 0.6984375 0.83359375 0.0765625 0.1703125
100 0.7703125 0.8328125 0.0765625 0.15703125
101 0.853125 0.83203125 0.0734375 0.15703125
78 0.61953125 0.8265625 0.06640625 0.16171875