112 0.175 0.22265625 0.0984375 0.0984375
111 0.309375 0.21953125 0.12421875 0.0890625
94 0.4109375 0.2515625 0.06328125 0.03671875
93 0.48671875 0.25078125 0.06484375 0.03671875
1 0.409375 0.16640625 0.06328125 0.0640625
88 0.4953125 0.16328125 0.05625 0.07890625
51 0.71640625 0.2125 0.1125 0.10390625
36 0.18203125 0.3375 0.08984375 0.10234375
49 0.31640625 0.3359375 0.1203125 0.109375
61 0.58125 0.3328125 0.115625 0.10078125
67 0.70703125 0.33125 0.1 0.09140625
99 0.35078125 0.56640625 0.04453125 0.09765625
37 0.28359375 0.45703125 0.06953125 0.0875
56 0.35703125 0.46015625 0.0609375 0.0828125
52 0.2078125 0.45546875 0.0625 0.10546875
58 0.43203125 0.45078125 0.05078125 0.103125
60 0.48828125 0.45078125 0.06796875 0.103125
69 0.23046875 0.57109375 0.04765625 0.0953125
89 0.309375 0.5671875 0.0375 0.10234375
15 0.43203125 0.5625 0.0625 0.103125
20 0.54609375 0.5546875 0.0625 0.084375
20 0.4921875 0.55390625 0.0609375 0.0859375
22 0.6875 0.55625 0.07265625 0.0984375
22 0.61953125 0.55625 0.0609375 0.09453125
28 0.7546875 0.54765625 0.05625 0.07734375
79 0.4328125 0.66796875 0.04921875 0.0859375
79 0.30859375 0.67578125 0.05390625 0.08984375
79 0.23515625 0.684375 0.06484375 0.09765625
80 0.3703125 0.67265625 0.04921875 0.0828125
24 0.49140625 0.67109375 0.05625 0.0921875
40 0.55546875 0.66796875 0.0578125 0.08984375
95 0.61953125 0.66484375 0.0546875 0.0921875
21 0.6828125 0.66484375 0.0609375 0.0890625
0 0.74453125 0.66640625 0.059375 0.08984375
25 0.2515625 0.80625 0.0578125 0.10859375
25 0.18828125 0.809375 0.07265625 0.1109375
27 0.31484375 0.8015625 0.06796875 0.1171875
35 0.37578125 0.8 0.059375 0.1171875
41 0.4421875 0.7984375 0.05625 0.1234375
39 0.49140625 0.79609375 0.05078125 0.1171875
106 0.6109375 0.7875 0.059375 0.11484375
100 0.6765625 0.784375 0.059375 0.10625
101 0.72734375 0.7828125 0.05625 0.11796875
78 0.5484375 0.79296875 0.06328125 0.11640625