111 0.14375 0.07578125 0.1421875 0.14375
50 0.69375 0.07578125 0.1484375 0.15
49 0.14921875 0.2453125 0.16640625 0.13515625
61 0.49375 0.24453125 0.14375 0.13515625
67 0.69609375 0.24375 0.14375 0.13359375
99 0.20625 0.54453125 0.059375 0.1203125
37 0.10546875 0.40625 0.08828125 0.11328125
56 0.1953125 0.41328125 0.05546875 0.1046875
56 0.42734375 0.0984375 0.05859375 0.12578125
56 0.58515625 0.09140625 0.06640625 0.12578125
60 0.37578125 0.4 0.07734375 0.1390625
52 0.0265625 0.396875 0.053125 0.1203125
93 0.36015625 0.13125 0.07890625 0.05234375
1 0.26328125 0.0265625 0.0625 0.053125
94 0.26484375 0.13359375 0.06953125 0.05078125
88 0.3640625 0.0265625 0.06640625 0.053125
58 0.28984375 0.39609375 0.06484375 0.140625
69 0.0609375 0.5390625 0.07109375 0.11953125
89 0.14609375 0.54296875 0.053125 0.12265625
15 0.29453125 0.5453125 0.07890625 0.1265625
20 0.39140625 0.54140625 0.09375 0.10546875
20 0.4640625 0.54140625 0.06640625 0.1046875
22 0.53671875 0.55390625 0.09375 0.121875
22 0.621875 0.5546875 0.07890625 0.11796875
28 0.715625 0.55 0.0890625 0.1046875
79 0.30078125 0.68359375 0.06640625 0.1171875
79 0.1578125 0.6796875 0.05859375 0.11484375
79 0.08203125 0.671875 0.0859375 0.1109375
79 0.0203125 0.67265625 0.040625 0.1046875
79 0.225 0.67734375 0.07890625 0.11015625
24 0.38125 0.684375 0.07578125 0.1171875
40 0.4609375 0.6921875 0.07578125 0.1296875
95 0.5375 0.690625 0.07109375 0.125
0 0.69609375 0.70546875 0.08359375 0.12265625
25 0.10078125 0.82265625 0.08046875 0.13515625
25 0.03984375 0.81796875 0.0796875 0.1296875
25 0.1828125 0.821875 0.06953125 0.12109375
35 0.2421875 0.825 0.0609375 0.1265625
41 0.31328125 0.8328125 0.07890625 0.13828125
39 0.38203125 0.83515625 0.07109375 0.13046875
78 0.45625 0.8375 0.06484375 0.13046875
106 0.53203125 0.840625 0.07578125 0.13359375
100 0.60234375 0.84296875 0.08046875 0.13359375
101 0.67890625 0.85078125 0.07578125 0.1453125