100 0.14765625 0.146875 0.09375 0.20078125
100 0.22734375 0.1578125 0.0890625 0.19375
101 0.3140625 0.16328125 0.08515625 0.18671875
101 0.3859375 0.171875 0.07890625 0.184375
101 0.45625 0.18203125 0.0703125 0.1796875
101 0.51796875 0.1890625 0.05859375 0.1671875
79 0.15546875 0.421875 0.071875 0.115625
79 0.23515625 0.421875 0.0671875 0.11640625
79 0.3234375 0.41640625 0.06640625 0.11015625
79 0.390625 0.421875 0.06171875 0.1078125
79 0.45234375 0.4140625 0.06484375 0.125
79 0.51640625 0.4140625 0.06328125 0.12734375
24 0.23125 0.6265625 0.0671875 0.1203125
24 0.3125 0.61953125 0.0671875 0.1171875
20 0.38203125 0.615625 0.05859375 0.11015625
20 0.440625 0.61015625 0.05859375 0.10546875
20 0.5109375 0.60625 0.05 0.1109375
78 0.16953125 0.79765625 0.07734375 0.1703125
78 0.23125 0.77734375 0.06484375 0.14765625
41 0.309375 0.77578125 0.06328125 0.146875
41 0.36953125 0.765625 0.06015625 0.14296875
39 0.43671875 0.7546875 0.06328125 0.13671875
39 0.49453125 0.75234375 0.0546875 0.14453125
35 0.16796875 0.94765625 0.07109375 0.10390625
25 0.23125 0.94140625 0.06015625 0.11328125
25 0.30546875 0.93125 0.059375 0.1375
25 0.3609375 0.92890625 0.0609375 0.1421875
27 0.42421875 0.9203125 0.06640625 0.14453125
27 0.48671875 0.909375 0.0703125 0.1484375
40 0.17109375 0.62734375 0.0546875 0.10703125