112 0.346875 0.4234375 0.14375 0.12109375
111 0.5046875 0.4171875 0.1453125 0.12734375
36 0.34765625 0.56171875 0.13359375 0.11796875
49 0.515625 0.55859375 0.15078125 0.11015625
61 0.86484375 0.54921875 0.16015625 0.1125
18 0.328125 0.83828125 0.07578125 0.11796875
99 0.56796875 0.8328125 0.06796875 0.11328125
37 0.48828125 0.70234375 0.08515625 0.1171875
56 0.57578125 0.7078125 0.08125 0.1046875
56 0.81875 0.42734375 0.07109375 0.10234375
56 0.93515625 0.42265625 0.05859375 0.0984375
60 0.73046875 0.690625 0.09375 0.12265625
52 0.390625 0.6953125 0.06484375 0.125
93 0.73984375 0.4546875 0.0875 0.0484375
1 0.65625 0.3609375 0.06640625 0.06484375
94 0.64609375 0.4578125 0.07421875 0.04453125
88 0.75 0.3625 0.0578125 0.06953125
73 0.328125 0.70703125 0.0578125 0.11328125
58 0.65859375 0.6921875 0.06484375 0.12109375
69 0.41484375 0.8359375 0.06484375 0.115625
89 0.51328125 0.8328125 0.053125 0.11796875
15 0.6546875 0.83046875 0.078125 0.1171875
20 0.728125 0.81875 0.07734375 0.1
20 0.80859375 0.815625 0.09375 0.09765625
22 0.8984375 0.82421875 0.07578125 0.11328125
22 0.9703125 0.81484375 0.059375 0.10234375
79 0.33671875 0.959375 0.06875 0.08125
79 0.4203125 0.9578125 0.0765625 0.084375
79 0.49921875 0.95703125 0.07265625 0.0859375
79 0.6578125 0.95390625 0.07890625 0.090625
79 0.575 0.9546875 0.07421875 0.08828125
24 0.7328125 0.953125 0.07421875 0.09296875
40 0.8140625 0.95 0.0828125 0.09453125
95 0.8859375 0.95234375 0.06875 0.09453125
21 0.9625 0.94609375 0.07421875 0.08828125