112 0.23828125 0.3265625 0.10546875 0.15546875
111 0.3609375 0.32109375 0.11171875 0.17109375
50 0.7359375 0.334375 0.096875 0.18515625
36 0.23359375 0.50625 0.0984375 0.146875
49 0.35546875 0.515625 0.11015625 0.16796875
61 0.59609375 0.51796875 0.09453125 0.14765625
67 0.72578125 0.52578125 0.08828125 0.15546875
18 0.20625 0.853125 0.0578125 0.1453125
99 0.37890625 0.859375 0.0421875 0.146875
37 0.32109375 0.6890625 0.0625 0.1453125
56 0.565625 0.3546875 0.0359375 0.11640625
56 0.6578125 0.35546875 0.04921875 0.140625
56 0.3890625 0.69609375 0.06171875 0.13671875
60 0.50625 0.68984375 0.059375 0.1578125
52 0.25703125 0.67890625 0.04609375 0.15625
93 0.51640625 0.38984375 0.05625 0.06640625
1 0.453125 0.259375 0.05078125 0.0875
94 0.45546875 0.3890625 0.05078125 0.05625
88 0.52265625 0.2640625 0.0421875 0.07578125
73 0.21171875 0.68359375 0.040625 0.14765625
58 0.44921875 0.690625 0.05078125 0.15625
69 0.27421875 0.85546875 0.05625 0.14921875
89 0.33984375 0.85390625 0.0375 0.14921875
15 0.44609375 0.85703125 0.0515625 0.14765625
20 0.5 0.84453125 0.0484375 0.11328125
20 0.5546875 0.84765625 0.05703125 0.11328125
22 0.621875 0.86484375 0.0515625 0.1390625
22 0.67421875 0.8640625 0.05078125 0.13515625