112 0.2359375 0.24609375 0.10390625 0.07890625
112 0.346875 0.24921875 0.10546875 0.08671875
111 0.4734375 0.2515625 0.11171875 0.08671875
50 0.7375 0.253125 0.1015625 0.08125
36 0.2453125 0.34375 0.1 0.0890625
49 0.36640625 0.34921875 0.11015625 0.09140625
61 0.60078125 0.34765625 0.10390625 0.0921875
67 0.72734375 0.3484375 0.08671875 0.09140625
18 0.20234375 0.45 0.0546875 0.08359375
99 0.27578125 0.4484375 0.059375 0.096875
56 0.39140625 0.459375 0.05625 0.07734375
53 0.503125 0.45 0.05390625 0.0890625
60 0.45078125 0.45 0.05625 0.08984375
89 0.3421875 0.44765625 0.0421875 0.08984375
15 0.6203125 0.55625 0.0546875 0.096875
20 0.28046875 0.553125 0.0546875 0.084375
20 0.21953125 0.55 0.0546875 0.08671875
22 0.68046875 0.55625 0.07109375 0.084375
22 0.74453125 0.559375 0.06484375 0.08984375
28 0.55859375 0.553125 0.0578125 0.078125
79 0.45390625 0.66875 0.06796875 0.0953125
79 0.39375 0.67109375 0.05234375 0.0921875
79 0.33828125 0.671875 0.0546875 0.0859375
79 0.284375 0.6765625 0.06484375 0.0859375
79 0.2234375 0.67890625 0.05625 0.08046875
24 0.3390625 0.5515625 0.0421875 0.084375
42 0.50390625 0.67421875 0.04765625 0.0921875
21 0.50546875 0.56015625 0.05625 0.0890625
25 0.23203125 0.790625 0.07109375 0.109375
25 0.28828125 0.790625 0.0578125 0.10078125
27 0.34375 0.79296875 0.059375 0.0953125
86 0.39296875 0.79296875 0.06484375 0.109375
41 0.45 0.7890625 0.05234375 0.10625
41 0.50234375 0.78828125 0.0546875 0.1078125
39 0.5578125 0.7890625 0.06484375 0.103125
100 0.55859375 0.671875 0.0609375 0.10390625
100 0.6125 0.66796875 0.05078125 0.10546875
103 0.6625 0.79296875 0.0609375 0.1
48 0.390625 0.5546875 0.0578125 0.09296875
78 0.61015625 0.7890625 0.0546875 0.10546875
46 0.7328125 0.66875 0.0625 0.10859375
46 0.72265625 0.79609375 0.059375 0.1078125