112 0.36640625 0.4125 0.14375 0.11484375
111 0.53359375 0.4046875 0.1390625 0.1234375
36 0.35625 0.5453125 0.13125 0.10703125
49 0.53828125 0.54375 0.1359375 0.1125
61 0.87109375 0.53671875 0.1359375 0.10703125
18 0.33984375 0.8078125 0.07265625 0.11484375
99 0.56171875 0.8078125 0.05859375 0.11015625
37 0.48671875 0.6734375 0.090625 0.11015625
56 0.82421875 0.42109375 0.0515625 0.10546875
56 0.9375 0.41953125 0.07578125 0.0984375
56 0.571875 0.684375 0.06640625 0.10078125
60 0.7359375 0.67578125 0.08359375 0.12734375
52 0.4 0.6765625 0.05859375 0.11953125
93 0.75 0.44453125 0.07890625 0.04296875
1 0.665625 0.3609375 0.08515625 0.05703125
94 0.66015625 0.44765625 0.07421875 0.0421875
88 0.7640625 0.359375 0.06484375 0.05703125
73 0.33828125 0.68046875 0.053125 0.1109375
58 0.653125 0.6734375 0.06953125 0.11953125
69 0.40234375 0.809375 0.07265625 0.11484375
89 0.515625 0.8 0.0515625 0.11015625
15 0.653125 0.8015625 0.07265625 0.1109375
20 0.7296875 0.78984375 0.06484375 0.08515625
20 0.79921875 0.79296875 0.06796875 0.0859375
22 0.878125 0.796875 0.07421875 0.103125
22 0.9609375 0.796875 0.07734375 0.1046875
79 0.346875 0.9328125 0.07109375 0.096875
79 0.42734375 0.928125 0.06796875 0.09296875
79 0.50078125 0.92890625 0.06953125 0.0953125
79 0.6484375 0.9234375 0.07265625 0.0953125
79 0.57421875 0.91796875 0.06328125 0.08046875
24 0.71796875 0.91875 0.0609375 0.0953125
40 0.7984375 0.921875 0.06953125 0.09609375
95 0.865625 0.92265625 0.07109375 0.10546875
21 0.95234375 0.93046875 0.07421875 0.10234375