112 0.265625 0.2078125 0.10234375 0.0875
111 0.378125 0.2 0.11171875 0.10078125
94 0.4640625 0.2375 0.0546875 0.02578125
93 0.53046875 0.23671875 0.059375 0.03046875
1 0.46796875 0.16640625 0.05625 0.053125
88 0.5421875 0.1609375 0.04453125 0.05859375
51 0.7625 0.20234375 0.121875 0.10546875
36 0.275 0.3046875 0.08671875 0.08671875
49 0.378125 0.309375 0.11171875 0.084375
61 0.6171875 0.3078125 0.10546875 0.09140625
67 0.73828125 0.31171875 0.1 0.08984375
99 0.39765625 0.50703125 0.05234375 0.084375
37 0.3484375 0.409375 0.05234375 0.07734375
56 0.40546875 0.41640625 0.04921875 0.06953125
53 0.28203125 0.40859375 0.04921875 0.08125
58 0.46953125 0.4078125 0.059375 0.08984375
60 0.52578125 0.409375 0.07109375 0.08984375
69 0.2984375 0.50234375 0.05390625 0.08046875
89 0.359375 0.50234375 0.03359375 0.0828125
15 0.4640625 0.50703125 0.0609375 0.084375
20 0.5703125 0.50703125 0.0578125 0.075
20 0.52109375 0.5046875 0.0546875 0.071875
22 0.6921875 0.5125 0.06796875 0.07734375
22 0.63203125 0.5109375 0.06640625 0.078125
28 0.75390625 0.50859375 0.06328125 0.0703125
79 0.4640625 0.59921875 0.05390625 0.07734375
79 0.3578125 0.59453125 0.04453125 0.078125
79 0.3046875 0.59765625 0.05625 0.06640625
79 0.259375 0.5921875 0.05625 0.0703125
80 0.415625 0.59609375 0.05390625 0.07265625
24 0.51875 0.603125 0.0625 0.07265625
40 0.57109375 0.60625 0.05234375 0.07734375
21 0.6875 0.6109375 0.0578125 0.084375
25 0.25546875 0.69921875 0.05078125 0.09453125
27 0.3078125 0.70078125 0.06640625 0.08984375
86 0.40703125 0.70703125 0.0765625 0.10078125
41 0.46171875 0.71328125 0.0578125 0.0984375
39 0.5140625 0.71328125 0.059375 0.0984375
100 0.6671875 0.7203125 0.0578125 0.10234375
72 0.3578125 0.70546875 0.05390625 0.1
103 0.6140625 0.71796875 0.04765625 0.10078125
48 0.62421875 0.6078125 0.0625 0.0828125
34 0.7421875 0.615625 0.0609375 0.0875
78 0.565625 0.71484375 0.05234375 0.10078125
46 0.7296875 0.721875 0.059375 0.10390625