3 0.76015625 0.17578125 0.05078125 0.09140625
60 0.68984375 0.16328125 0.0578125 0.109375
33 0.57890625 0.15546875 0.1328125 0.1359375
66 0.459375 0.1734375 0.05390625 0.0859375
64 0.38203125 0.165625 0.06953125 0.1
111 0.2484375 0.1359375 0.14609375 0.15078125
89 0.765625 0.3421875 0.05234375 0.07890625
98 0.69453125 0.3359375 0.06640625 0.0921875
32 0.61953125 0.33828125 0.06953125 0.09765625
59 0.54453125 0.3296875 0.07109375 0.1125
67 0.4640625 0.34453125 0.07109375 0.0859375
18 0.38984375 0.328125 0.0734375 0.12265625
56 0.30703125 0.34375 0.06640625 0.0921875
74 0.23125 0.33671875 0.078125 0.10546875
43 0.74140625 0.50546875 0.04453125 0.11640625
109 0.67890625 0.49609375 0.05078125 0.13203125
109 0.61015625 0.4953125 0.05625 0.1375
68 0.5421875 0.49921875 0.06328125 0.14140625
34 0.46875 0.50078125 0.06953125 0.13984375
101 0.4 0.50546875 0.06484375 0.14765625
100 0.31796875 0.50625 0.08125 0.1484375
100 0.24921875 0.50859375 0.08125 0.15390625
79 0.73359375 0.68125 0.0546875 0.0875
79 0.66875 0.68515625 0.0625 0.0859375
79 0.60859375 0.69140625 0.05625 0.09453125
82 0.53984375 0.66875 0.07265625 0.1453125
39 0.46953125 0.68046875 0.05625 0.14765625
39 0.40234375 0.68828125 0.06328125 0.1453125
41 0.33125 0.69296875 0.078125 0.1640625
41 0.25546875 0.69609375 0.07109375 0.15078125
83 0.7203125 0.815625 0.0578125 0.1265625
35 0.6625 0.82421875 0.05234375 0.13359375
75 0.59609375 0.82421875 0.06328125 0.1203125
26 0.53828125 0.834375 0.0546875 0.134375
27 0.4734375 0.8375 0.06796875 0.13203125
27 0.40390625 0.84453125 0.07265625 0.13046875
25 0.2671875 0.85703125 0.0734375 0.13984375