112 0.25625 0.23046875 0.128125 0.1109375
97 0.37109375 0.20859375 0.06796875 0.14296875
97 0.453125 0.21015625 0.06953125 0.14765625
3 0.79921875 0.2390625 0.07109375 0.0921875
74 0.21328125 0.4 0.08515625 0.10546875
56 0.29296875 0.409375 0.0609375 0.0921875
18 0.3640625 0.3984375 0.07890625 0.12265625
67 0.4609375 0.403125 0.07265625 0.09609375
52 0.53671875 0.40078125 0.06015625 0.115625
32 0.6171875 0.4046875 0.08515625 0.1
98 0.70546875 0.40703125 0.06484375 0.09765625
89 0.790625 0.4046875 0.07578125 0.1
100 0.23203125 0.5578125 0.0921875 0.153125
100 0.31796875 0.55390625 0.0953125 0.1578125
101 0.390625 0.55625 0.08359375 0.15390625
34 0.46640625 0.5546875 0.07421875 0.15859375
102 0.54453125 0.55625 0.08125 0.16015625
109 0.61953125 0.5546875 0.06484375 0.1515625
109 0.6921875 0.5546875 0.06953125 0.1546875
41 0.25390625 0.73046875 0.08515625 0.1546875
41 0.325 0.73515625 0.07265625 0.15625
39 0.3953125 0.734375 0.07734375 0.1578125
39 0.46953125 0.73515625 0.07734375 0.15625
82 0.5390625 0.73515625 0.06484375 0.165625
79 0.609375 0.759375 0.06640625 0.10078125
79 0.68359375 0.7578125 0.0546875 0.10859375
79 0.753125 0.75546875 0.0484375 0.10234375
25 0.259375 0.91015625 0.07734375 0.1328125
25 0.33125 0.90703125 0.07890625 0.1421875
27 0.39921875 0.909375 0.06953125 0.1234375
27 0.46875 0.9125 0.07890625 0.1328125
63 0.53984375 0.90859375 0.06953125 0.13828125
75 0.6078125 0.9078125 0.06640625 0.1421875
35 0.678125 0.909375 0.059375 0.15078125
7 0.56953125 0.23828125 0.11015625 0.10234375
84 0.74140625 0.90234375 0.06484375 0.1328125
43 0.765625 0.565625 0.05625 0.1234375