112 0.26171875 0.2578125 0.10625 0.084375
111 0.38046875 0.24765625 0.1078125 0.1
56 0.5984375 0.2640625 0.05 0.06796875
56 0.67578125 0.2640625 0.06640625 0.07109375
49 0.37578125 0.35546875 0.1078125 0.09140625
7 0.4953125 0.3671875 0.10234375 0.07890625
61 0.63203125 0.3578125 0.1046875 0.08828125
67 0.74453125 0.3578125 0.0921875 0.0859375
73 0.22578125 0.471875 0.04296875 0.0859375
52 0.26953125 0.46875 0.05859375 0.09296875
56 0.41015625 0.4796875 0.05 0.0671875
58 0.4671875 0.465625 0.06015625 0.09296875
60 0.53046875 0.4703125 0.06328125 0.0984375
18 0.225 0.57265625 0.05859375 0.09296875
69 0.28671875 0.57421875 0.06171875 0.090625
89 0.35625 0.57421875 0.0375 0.09453125
99 0.3984375 0.5734375 0.04609375 0.090625
15 0.471875 0.5765625 0.0546875 0.090625
20 0.52890625 0.57578125 0.0578125 0.0859375
20 0.58828125 0.5765625 0.06171875 0.090625
22 0.64765625 0.58046875 0.0703125 0.09140625
22 0.7125 0.5796875 0.0671875 0.090625
28 0.78203125 0.578125 0.0546875 0.0828125
79 0.228125 0.68359375 0.053125 0.0875
79 0.28828125 0.684375 0.06171875 0.09296875
80 0.40390625 0.6828125 0.0515625 0.08515625
79 0.4640625 0.68125 0.06328125 0.09296875
24 0.525 0.68125 0.06640625 0.090625
25 0.23203125 0.80546875 0.05859375 0.11640625
25 0.29140625 0.80703125 0.05859375 0.11328125
27 0.3515625 0.80703125 0.05859375 0.1140625
35 0.40625 0.80859375 0.05625 0.1140625
41 0.46171875 0.8125 0.06328125 0.11953125
39 0.52421875 0.81171875 0.06171875 0.11640625
78 0.58125 0.8140625 0.053125 0.11875
106 0.64140625 0.81328125 0.06328125 0.1171875
100 0.703125 0.81015625 0.06328125 0.115625
101 0.7578125 0.8140625 0.06015625 0.12265625
1 0.47734375 0.2078125 0.0421875 0.04765625
87 0.55 0.2046875 0.040625 0.06484375
94 0.47265625 0.28828125 0.046875 0.03203125
92 0.5421875 0.2828125 0.05859375 0.03671875
51 0.76015625 0.24453125 0.1078125 0.10078125
36 0.25234375 0.3578125 0.1 0.0828125
37 0.3421875 0.4671875 0.06796875 0.0796875
40 0.5890625 0.68125 0.05 0.0828125
96 0.6453125 0.68828125 0.0484375 0.08515625
0 0.77578125 0.6890625 0.0578125 0.09453125