56 0.33359375 0.35078125 0.059375 0.0734375
89 0.7296875 0.3578125 0.0625 0.07734375
79 0.5890625 0.66328125 0.06328125 0.08359375
79 0.6453125 0.66484375 0.07265625 0.08046875
79 0.696875 0.6625 0.059375 0.0875
25 0.31484375 0.75234375 0.07109375 0.10546875
25 0.36640625 0.75625 0.06953125 0.1
27 0.4203125 0.759375 0.0734375 0.10859375
27 0.47578125 0.76484375 0.07265625 0.09765625
35 0.58359375 0.78203125 0.07109375 0.1140625
41 0.375 0.6203125 0.08125 0.121875
41 0.31484375 0.62578125 0.0796875 0.1203125
39 0.41796875 0.63203125 0.08125 0.12265625
39 0.4796875 0.634375 0.0796875 0.11953125
75 0.64296875 0.790625 0.06484375 0.1109375
100 0.35078125 0.48359375 0.0796875 0.13046875
100 0.28984375 0.4859375 0.0828125 0.1171875
101 0.41328125 0.4890625 0.0828125 0.11796875
18 0.39453125 0.3390625 0.053125 0.09375
34 0.471875 0.49140625 0.06484375 0.11875
67 0.459375 0.35 0.05546875 0.0734375
60 0.6640625 0.19375 0.07421875 0.1
109 0.5984375 0.4921875 0.06171875 0.1203125
109 0.6609375 0.49921875 0.06484375 0.1265625
74 0.27890625 0.3453125 0.0546875 0.08359375