112 0.33671875 0.1203125 0.17265625 0.125
111 0.525 0.10625 0.175 0.1578125
36 0.32890625 0.26796875 0.146875 0.140625
49 0.51875 0.27109375 0.16015625 0.13828125
61 0.86796875 0.2703125 0.1421875 0.1234375
18 0.30625 0.5828125 0.08046875 0.1203125
99 0.55 0.5765625 0.06484375 0.12578125
37 0.4796875 0.43671875 0.090625 0.115625
56 0.5609375 0.44453125 0.0578125 0.10234375
56 0.84453125 0.125 0.040625 0.1234375
56 0.97734375 0.1234375 0.04375 0.121875
60 0.73828125 0.42734375 0.07578125 0.1359375
52 0.375 0.4328125 0.07265625 0.128125
93 0.77265625 0.1609375 0.08828125 0.046875
1 0.6859375 0.04453125 0.0828125 0.08046875
94 0.6671875 0.1625 0.0859375 0.05
88 0.78515625 0.04296875 0.0640625 0.0859375
73 0.29609375 0.4390625 0.08125 0.11796875
58 0.66328125 0.425 0.06796875 0.13671875
69 0.4 0.58046875 0.06796875 0.121875
89 0.49921875 0.5765625 0.0515625 0.125
15 0.6453125 0.57421875 0.0890625 0.128125
20 0.71796875 0.565625 0.06640625 0.11328125
20 0.79609375 0.5640625 0.0921875 0.10546875
22 0.88671875 0.575 0.07109375 0.11796875
22 0.9609375 0.571875 0.07734375 0.10859375
79 0.31484375 0.7234375 0.08046875 0.115625
79 0.390625 0.71953125 0.08046875 0.11015625
79 0.4796875 0.71640625 0.090625 0.1078125
79 0.6359375 0.71640625 0.0921875 0.1171875
79 0.5578125 0.71796875 0.06953125 0.1109375
24 0.71171875 0.7046875 0.06484375 0.1
40 0.790625 0.70703125 0.103125 0.1140625
95 0.86328125 0.70546875 0.06640625 0.10859375
21 0.9390625 0.70859375 0.07578125 0.10546875
25 0.328125 0.87890625 0.08515625 0.14765625
25 0.40390625 0.8734375 0.08125 0.14296875
25 0.4796875 0.865625 0.08125 0.1296875
35 0.54921875 0.86640625 0.08046875 0.13125
41 0.62265625 0.86171875 0.08828125 0.1296875
39 0.69609375 0.86015625 0.07421875 0.1265625
78 0.76953125 0.85546875 0.090625 0.125
106 0.8375 0.85234375 0.0875 0.13515625
100 0.91796875 0.85078125 0.090625 0.115625
101 0.96484375 0.84921875 0.06953125 0.12890625