112 0.4875 0.65859375 0.07265625 0.06953125
111 0.56171875 0.66015625 0.0625 0.06875
1 0.484375 0.75 0.075 0.04765625
88 0.41484375 0.746875 0.06953125 0.02265625
36 0.278125 0.8296875 0.0625 0.05859375
49 0.34375 0.65859375 0.06484375 0.0671875
61 0.490625 0.565625 0.07265625 0.071875
67 0.415625 0.5640625 0.0625 0.071875
18 0.565625 0.56640625 0.04609375 0.0734375
99 0.55703125 0.75078125 0.040625 0.0671875
56 0.3453125 0.746875 0.0390625 0.06875
52 0.346875 0.83203125 0.0375 0.0609375
60 0.415625 0.65859375 0.0421875 0.06953125
89 0.70625 0.709375 0.0609375 0.13984375
15 0.2703125 0.65703125 0.02890625 0.06875
20 0.56875 0.46640625 0.05234375 0.08046875
22 0.4125 0.4640625 0.06953125 0.075
79 0.40234375 0.30546875 0.05234375 0.0859375
79 0.321875 0.359375 0.0359375 0.07890625
80 0.33671875 0.24609375 0.04765625 0.078125
21 0.73515625 0.36328125 0.078125 0.0828125
25 0.50078125 0.2453125 0.04609375 0.0890625
27 0.5796875 0.25 0.04453125 0.08359375
86 0.7375 0.24765625 0.0546875 0.0859375
41 0.259375 0.3546875 0.04765625 0.084375
39 0.253125 0.24375 0.04609375 0.08671875
72 0.66015625 0.24921875 0.0421875 0.08671875
34 0.49296875 0.46484375 0.034375 0.06171875
78 0.65234375 0.36015625 0.04375 0.0828125
46 0.4953125 0.359375 0.0390625 0.08359375
47 0.57265625 0.36171875 0.04375 0.08125